{
 "cells": [
  {
   "cell_type": "code",
   "execution_count": 1,
   "metadata": {},
   "outputs": [
    {
     "name": "stdout",
     "output_type": "stream",
     "text": [
      "System Paths:\n",
      "/media/thesis_ssd/code/EndoGSLAM/EndoGSLAM\n",
      "/media/thesis_ssd/anaconda/envs/endogslam/lib/python310.zip\n",
      "/media/thesis_ssd/anaconda/envs/endogslam/lib/python3.10\n",
      "/media/thesis_ssd/anaconda/envs/endogslam/lib/python3.10/lib-dynload\n",
      "\n",
      "/media/thesis_ssd/anaconda/envs/endogslam/lib/python3.10/site-packages\n"
     ]
    },
    {
     "name": "stderr",
     "output_type": "stream",
     "text": [
      "WARNING:dinov2:xFormers not available\n",
      "WARNING:dinov2:xFormers not available\n"
     ]
    }
   ],
   "source": [
    "import numpy as np\n",
    "from utils.slam_helpers import transform_to_frame,transformed_params2depthplussilhouette,transformed_params2rendervar,transformed_GRNparams2rendervar,transformed_GRNparams2depthplussilhouette\n",
    "from diff_gaussian_rasterization import GaussianRasterizer as Renderer\n",
    "from scripts.main_SurgeSplat import deform_gaussians, setup_camera\n",
    "import torch\n",
    "import os\n",
    "from PIL import Image"
   ]
  },
  {
   "cell_type": "code",
   "execution_count": 2,
   "metadata": {},
   "outputs": [],
   "source": [
    "intrinsics = torch.tensor([[199.6883,   0.0000, 166.3290],\n",
    "        [  0.0000, 249.4753, 170.4058],\n",
    "        [  0.0000,   0.0000,   1.0000]], device='cuda:0')\n",
    "w2c = torch.tensor([[ 1.0000e+00,  6.5711e-11,  2.3283e-10,  0.0000e+00],\n",
    "        [-3.1832e-11,  1.0000e+00, -7.4115e-21,  0.0000e+00],\n",
    "        [-9.2644e-22,  2.9104e-11,  1.0000e+00,  0.0000e+00],\n",
    "        [ 0.0000e+00,  0.0000e+00,  0.0000e+00,  1.0000e+00]], device='cuda:0')\n",
    "\n",
    "cam = setup_camera(336,336, intrinsics.cpu().numpy(), w2c.detach().cpu().numpy(), use_simplification=True)\n",
    "\n",
    "\n"
   ]
  },
  {
   "cell_type": "code",
   "execution_count": 3,
   "metadata": {},
   "outputs": [],
   "source": [
    "params_np = np.load('/media/thesis_ssd/code/EndoGSLAM/EndoGSLAM/experiments/EndoNerf cutting_deform_short_simple/cutting_deform_short_simple/params.npz')\n",
    "params={}\n",
    "for key in params_np.keys():\n",
    "    params[key] = torch.tensor(params_np[key]).cuda()"
   ]
  },
  {
   "cell_type": "code",
   "execution_count": 4,
   "metadata": {},
   "outputs": [
    {
     "data": {
      "text/plain": [
       "{'means3D': tensor([[[-6.8815, -6.8474, -6.8706,  ..., -6.8815, -6.8815, -6.8815],\n",
       "          [-5.6432, -5.6174, -5.6399,  ..., -5.6432, -5.6432, -5.6432],\n",
       "          [ 8.2617,  8.2879,  8.2694,  ...,  8.2617,  8.2617,  8.2617]],\n",
       " \n",
       "         [[-6.6291, -6.6194, -6.6276,  ..., -6.6291, -6.6291, -6.6291],\n",
       "          [-5.4691, -5.4610, -5.4667,  ..., -5.4691, -5.4691, -5.4691],\n",
       "          [ 8.0068,  8.0167,  8.0155,  ...,  8.0068,  8.0068,  8.0068]],\n",
       " \n",
       "         [[-6.5513, -6.5410, -6.5426,  ..., -6.5112, -6.4863, -6.5138],\n",
       "          [-5.4378, -5.4311, -5.4332,  ..., -5.4985, -5.4939, -5.4718],\n",
       "          [ 7.9609,  7.9705,  7.9666,  ...,  7.9917,  7.9811,  7.9861]],\n",
       " \n",
       "         ...,\n",
       " \n",
       "         [[ 5.6420,  5.6431,  5.6443,  ...,  5.5803,  5.5943,  5.6014],\n",
       "          [ 4.4598,  4.4626,  4.4655,  ...,  4.5429,  4.5366,  4.5300],\n",
       "          [ 6.7597,  6.7466,  6.7559,  ...,  6.7517,  6.7771,  6.7568]],\n",
       " \n",
       "         [[ 5.7406,  5.7521,  5.7475,  ...,  5.6438,  5.7406,  5.7406],\n",
       "          [ 4.5106,  4.5173,  4.5164,  ...,  4.5693,  4.5106,  4.5106],\n",
       "          [ 6.8368,  6.8299,  6.8313,  ...,  6.8263,  6.8368,  6.8368]],\n",
       " \n",
       "         [[ 6.1185,  6.1260,  6.1225,  ...,  6.1185,  6.1185,  6.1185],\n",
       "          [ 4.7790,  4.7860,  4.7856,  ...,  4.7790,  4.7790,  4.7790],\n",
       "          [ 7.2436,  7.2366,  7.2386,  ...,  7.2436,  7.2436,  7.2436]]],\n",
       "        device='cuda:0'),\n",
       " 'rgb_colors': tensor([[0.4591, 0.2327, 0.2647],\n",
       "         [0.4609, 0.2375, 0.2697],\n",
       "         [0.4570, 0.2325, 0.2657],\n",
       "         ...,\n",
       "         [0.7550, 0.4738, 0.2952],\n",
       "         [0.7407, 0.4762, 0.2829],\n",
       "         [0.7441, 0.4852, 0.2881]], device='cuda:0'),\n",
       " 'unnorm_rotations': tensor([[[-0.1666, -0.1666, -0.1666,  ..., -0.1666, -0.1666, -0.1666],\n",
       "          [ 0.1527,  0.1527,  0.1527,  ...,  0.1527,  0.1527,  0.1527],\n",
       "          [ 0.0637,  0.0637,  0.0637,  ...,  0.0637,  0.0637,  0.0637],\n",
       "          [-0.1624, -0.1624, -0.1624,  ..., -0.1624, -0.1624, -0.1624]],\n",
       " \n",
       "         [[-0.4364, -0.4364, -0.4364,  ..., -0.4364, -0.4364, -0.4364],\n",
       "          [ 0.5033,  0.5033,  0.5033,  ...,  0.5033,  0.5033,  0.5033],\n",
       "          [ 0.0388,  0.0388,  0.0388,  ...,  0.0388,  0.0388,  0.0388],\n",
       "          [-0.4237, -0.4237, -0.4237,  ..., -0.4237, -0.4237, -0.4237]],\n",
       " \n",
       "         [[-0.4617, -0.4617, -0.4617,  ..., -0.4617, -0.4617, -0.4617],\n",
       "          [ 0.6799,  0.6799,  0.6799,  ...,  0.6799,  0.6799,  0.6799],\n",
       "          [-0.0437, -0.0437, -0.0437,  ..., -0.0437, -0.0437, -0.0437],\n",
       "          [-0.4419, -0.4419, -0.4419,  ..., -0.4419, -0.4419, -0.4419]],\n",
       " \n",
       "         ...,\n",
       " \n",
       "         [[-0.2216, -0.2216, -0.2216,  ..., -0.2216, -0.2216, -0.2216],\n",
       "          [ 0.1090,  0.1090,  0.1090,  ...,  0.1090,  0.1090,  0.1090],\n",
       "          [ 0.0564,  0.0564,  0.0564,  ...,  0.0564,  0.0564,  0.0564],\n",
       "          [-0.4164, -0.4164, -0.4164,  ..., -0.4164, -0.4164, -0.4164]],\n",
       " \n",
       "         [[-0.1997, -0.1997, -0.1997,  ..., -0.1997, -0.1997, -0.1997],\n",
       "          [ 0.1038,  0.1038,  0.1038,  ...,  0.1038,  0.1038,  0.1038],\n",
       "          [ 0.0799,  0.0799,  0.0799,  ...,  0.0799,  0.0799,  0.0799],\n",
       "          [-0.4602, -0.4602, -0.4602,  ..., -0.4602, -0.4602, -0.4602]],\n",
       " \n",
       "         [[-0.0379, -0.0379, -0.0379,  ..., -0.0379, -0.0379, -0.0379],\n",
       "          [-0.0734, -0.0734, -0.0734,  ..., -0.0734, -0.0734, -0.0734],\n",
       "          [ 0.0839,  0.0839,  0.0839,  ...,  0.0839,  0.0839,  0.0839],\n",
       "          [-0.1843, -0.1843, -0.1843,  ..., -0.1843, -0.1843, -0.1843]]],\n",
       "        device='cuda:0'),\n",
       " 'logit_opacities': tensor([[0.7889],\n",
       "         [1.3688],\n",
       "         [1.6066],\n",
       "         ...,\n",
       "         [1.6710],\n",
       "         [2.0532],\n",
       "         [0.6093]], device='cuda:0'),\n",
       " 'log_scales': tensor([[[ 1.5236e-04,  1.5236e-04,  1.5236e-04,  ...,  1.5236e-04,\n",
       "            1.5236e-04,  1.5236e-04],\n",
       "          [ 7.4558e-05,  7.4558e-05,  7.4558e-05,  ...,  7.4558e-05,\n",
       "            7.4558e-05,  7.4558e-05],\n",
       "          [-1.4244e-04, -1.4244e-04, -1.4244e-04,  ..., -1.4244e-04,\n",
       "           -1.4244e-04, -1.4244e-04]],\n",
       " \n",
       "         [[ 3.9649e-04,  3.9649e-04,  3.9649e-04,  ...,  3.9649e-04,\n",
       "            3.9649e-04,  3.9649e-04],\n",
       "          [-1.7543e-04, -1.7543e-04, -1.7543e-04,  ..., -1.7543e-04,\n",
       "           -1.7543e-04, -1.7543e-04],\n",
       "          [-1.6799e-04, -1.6799e-04, -1.6799e-04,  ..., -1.6799e-04,\n",
       "           -1.6799e-04, -1.6799e-04]],\n",
       " \n",
       "         [[ 4.9439e-04,  4.9439e-04,  4.9439e-04,  ...,  4.9439e-04,\n",
       "            4.9439e-04,  4.9439e-04],\n",
       "          [-5.7711e-06, -5.7711e-06, -5.7711e-06,  ..., -5.7711e-06,\n",
       "           -5.7711e-06, -5.7711e-06],\n",
       "          [-1.4253e-04, -1.4253e-04, -1.4253e-04,  ..., -1.4253e-04,\n",
       "           -1.4253e-04, -1.4253e-04]],\n",
       " \n",
       "         ...,\n",
       " \n",
       "         [[ 1.7193e-04,  1.7193e-04,  1.7193e-04,  ...,  1.7193e-04,\n",
       "            1.7193e-04,  1.7193e-04],\n",
       "          [ 1.3546e-04,  1.3546e-04,  1.3546e-04,  ...,  1.3546e-04,\n",
       "            1.3546e-04,  1.3546e-04],\n",
       "          [-2.0551e-04, -2.0551e-04, -2.0551e-04,  ..., -2.0551e-04,\n",
       "           -2.0551e-04, -2.0551e-04]],\n",
       " \n",
       "         [[ 3.3338e-04,  3.3338e-04,  3.3338e-04,  ...,  3.3338e-04,\n",
       "            3.3338e-04,  3.3338e-04],\n",
       "          [-5.0562e-05, -5.0562e-05, -5.0562e-05,  ..., -5.0562e-05,\n",
       "           -5.0562e-05, -5.0562e-05],\n",
       "          [-1.4514e-04, -1.4514e-04, -1.4514e-04,  ..., -1.4514e-04,\n",
       "           -1.4514e-04, -1.4514e-04]],\n",
       " \n",
       "         [[ 2.1241e-05,  2.1241e-05,  2.1241e-05,  ...,  2.1241e-05,\n",
       "            2.1241e-05,  2.1241e-05],\n",
       "          [ 6.8895e-05,  6.8895e-05,  6.8895e-05,  ...,  6.8895e-05,\n",
       "            6.8895e-05,  6.8895e-05],\n",
       "          [-1.0424e-04, -1.0424e-04, -1.0424e-04,  ..., -1.0424e-04,\n",
       "           -1.0424e-04, -1.0424e-04]]], device='cuda:0'),\n",
       " 'cam_unnorm_rots': tensor([[[ 1.0000e+00,  1.0001e+00,  9.9999e-01,  9.9999e-01,  9.9999e-01,\n",
       "            9.9999e-01,  1.0001e+00,  1.0000e+00,  1.0000e+00,  1.0000e+00,\n",
       "            1.0000e+00,  1.0000e+00,  1.0000e+00,  1.0000e+00,  1.0001e+00,\n",
       "            1.0001e+00,  1.0001e+00,  1.0001e+00,  1.0001e+00,  1.0001e+00,\n",
       "            1.0001e+00,  1.0000e+00,  1.0000e+00,  9.9995e-01,  9.9997e-01,\n",
       "            9.9992e-01,  9.9991e-01,  9.9993e-01,  1.0000e+00,  1.0001e+00,\n",
       "            1.0002e+00,  1.0002e+00,  1.0001e+00,  1.0002e+00,  1.0002e+00,\n",
       "            1.0001e+00,  1.0000e+00,  1.0000e+00,  1.0000e+00,  9.9994e-01,\n",
       "            9.9994e-01,  9.9990e-01,  9.9993e-01,  9.9996e-01,  9.9996e-01],\n",
       "          [ 0.0000e+00, -7.7550e-05, -1.8141e-04, -3.0380e-04, -4.4246e-04,\n",
       "           -5.9478e-04, -7.2553e-04, -8.5859e-04, -9.8965e-04, -1.1166e-03,\n",
       "           -1.2349e-03, -1.3392e-03, -1.4243e-03, -1.4914e-03, -1.5152e-03,\n",
       "           -1.4919e-03, -1.4075e-03, -1.2684e-03, -1.0836e-03, -8.4543e-04,\n",
       "           -5.8584e-04, -3.2109e-04, -6.4255e-05,  2.5928e-04,  6.1267e-04,\n",
       "            9.9996e-04,  1.4161e-03,  1.8203e-03,  2.2012e-03,  2.5129e-03,\n",
       "            2.7147e-03,  2.7858e-03,  2.7216e-03,  2.5341e-03,  2.2248e-03,\n",
       "            1.8615e-03,  1.4399e-03,  9.8595e-04,  5.4641e-04,  1.5646e-04,\n",
       "           -1.8078e-04, -4.5177e-04, -6.4422e-04, -7.6102e-04, -8.0762e-04],\n",
       "          [ 0.0000e+00,  8.6426e-05,  2.0832e-04,  3.5169e-04,  5.1105e-04,\n",
       "            6.8222e-04,  8.6772e-04,  1.0392e-03,  1.1973e-03,  1.3351e-03,\n",
       "            1.4436e-03,  1.5142e-03,  1.5420e-03,  1.5281e-03,  1.4701e-03,\n",
       "            1.3676e-03,  1.2271e-03,  1.0551e-03,  8.5529e-04,  6.6632e-04,\n",
       "            4.8723e-04,  3.2733e-04,  2.0266e-04,  1.1280e-04,  3.2592e-05,\n",
       "           -6.5623e-05, -1.8543e-04, -3.2000e-04, -4.6690e-04, -5.8811e-04,\n",
       "           -6.7903e-04, -7.3742e-04, -7.6266e-04, -7.5242e-04, -7.2039e-04,\n",
       "           -6.6402e-04, -5.7800e-04, -5.0977e-04, -4.5713e-04, -3.8360e-04,\n",
       "           -3.0721e-04, -2.2026e-04, -1.5139e-04, -9.3622e-05, -4.2797e-05],\n",
       "          [ 0.0000e+00, -6.8070e-05, -1.4486e-04, -2.2564e-04, -2.5679e-04,\n",
       "           -2.6140e-04, -2.5000e-04, -2.2151e-04, -1.6939e-04, -6.4966e-05,\n",
       "            8.0853e-05,  2.5549e-04,  4.5013e-04,  6.5511e-04,  8.5328e-04,\n",
       "            1.0247e-03,  1.1380e-03,  1.1529e-03,  1.0962e-03,  9.9005e-04,\n",
       "            8.3497e-04,  5.6979e-04,  2.4165e-04, -1.9782e-04, -7.6405e-04,\n",
       "           -1.4310e-03, -2.1743e-03, -2.9853e-03, -3.8212e-03, -4.6376e-03,\n",
       "           -5.3940e-03, -6.0360e-03, -6.4704e-03, -6.7790e-03, -7.0070e-03,\n",
       "           -7.1931e-03, -7.3337e-03, -7.4251e-03, -7.5001e-03, -7.6080e-03,\n",
       "           -7.8005e-03, -8.0640e-03, -8.3711e-03, -8.6855e-03, -9.0061e-03]]],\n",
       "        device='cuda:0'),\n",
       " 'cam_trans': tensor([[[ 0.0000e+00,  2.2456e-04,  5.4454e-04,  9.2466e-04,  1.3484e-03,\n",
       "            1.8037e-03,  2.2642e-03,  2.6857e-03,  3.0749e-03,  3.4164e-03,\n",
       "            3.6916e-03,  3.8818e-03,  3.9765e-03,  3.9802e-03,  3.8836e-03,\n",
       "            3.6865e-03,  3.4133e-03,  3.0884e-03,  2.7449e-03,  2.4552e-03,\n",
       "            2.2079e-03,  2.0165e-03,  1.9273e-03,  1.9543e-03,  2.0187e-03,\n",
       "            2.0555e-03,  2.0588e-03,  2.0418e-03,  2.0070e-03,  2.0011e-03,\n",
       "            1.9952e-03,  1.9793e-03,  1.9779e-03,  2.0025e-03,  2.0300e-03,\n",
       "            2.1021e-03,  2.2427e-03,  2.3276e-03,  2.3720e-03,  2.5056e-03,\n",
       "            2.7319e-03,  3.0615e-03,  3.4170e-03,  3.7912e-03,  4.1927e-03],\n",
       "          [ 0.0000e+00,  1.9691e-04,  4.6158e-04,  7.7441e-04,  1.1303e-03,\n",
       "            1.5227e-03,  1.9893e-03,  2.4812e-03,  2.9813e-03,  3.4853e-03,\n",
       "            3.9831e-03,  4.4670e-03,  4.9276e-03,  5.3737e-03,  5.7368e-03,\n",
       "            5.9851e-03,  6.0519e-03,  5.9244e-03,  5.6264e-03,  5.0797e-03,\n",
       "            4.4311e-03,  3.7465e-03,  3.0617e-03,  2.1622e-03,  1.1736e-03,\n",
       "            4.6022e-05, -1.1950e-03, -2.6059e-03, -4.0384e-03, -5.4230e-03,\n",
       "           -6.6354e-03, -7.5890e-03, -8.2338e-03, -8.5744e-03, -8.5814e-03,\n",
       "           -8.6261e-03, -8.8616e-03, -9.1678e-03, -9.5554e-03, -1.0261e-02,\n",
       "           -1.1271e-02, -1.2697e-02, -1.4557e-02, -1.6792e-02, -1.9445e-02],\n",
       "          [ 0.0000e+00,  4.3593e-05,  5.1065e-05,  3.8391e-06, -1.5887e-04,\n",
       "           -3.3244e-04, -4.3267e-04, -4.8409e-04, -6.4190e-04, -8.8907e-04,\n",
       "           -1.1966e-03, -1.5698e-03, -2.0641e-03, -2.7282e-03, -3.3562e-03,\n",
       "           -3.9392e-03, -4.4597e-03, -4.9057e-03, -5.2113e-03, -5.3713e-03,\n",
       "           -5.3756e-03, -5.1900e-03, -4.9668e-03, -4.7412e-03, -4.5465e-03,\n",
       "           -4.3558e-03, -4.1931e-03, -4.0891e-03, -4.0612e-03, -4.2036e-03,\n",
       "           -4.6200e-03, -5.4483e-03, -6.6917e-03, -8.3413e-03, -1.0310e-02,\n",
       "           -1.2574e-02, -1.5180e-02, -1.7882e-02, -2.0597e-02, -2.3270e-02,\n",
       "           -2.6056e-02, -2.8853e-02, -3.1376e-02, -3.3636e-02, -3.5634e-02]]],\n",
       "        device='cuda:0'),\n",
       " 'timestep': tensor([0., 0., 0.,  ..., 0., 0., 0.], device='cuda:0'),\n",
       " 'intrinsics': tensor([[199.6883,   0.0000, 166.3290],\n",
       "         [  0.0000, 249.4753, 170.4058],\n",
       "         [  0.0000,   0.0000,   1.0000]], device='cuda:0'),\n",
       " 'w2c': tensor([[ 1.0000e+00,  6.5711e-11,  2.3283e-10,  0.0000e+00],\n",
       "         [-3.1832e-11,  1.0000e+00, -7.4115e-21,  0.0000e+00],\n",
       "         [-9.2644e-22,  2.9104e-11,  1.0000e+00,  0.0000e+00],\n",
       "         [ 0.0000e+00,  0.0000e+00,  0.0000e+00,  1.0000e+00]], device='cuda:0'),\n",
       " 'org_width': tensor(336, device='cuda:0'),\n",
       " 'org_height': tensor(336, device='cuda:0'),\n",
       " 'gt_w2c_all_frames': tensor([[[ 1.0000e+00,  6.5711e-11,  2.3283e-10,  0.0000e+00],\n",
       "          [-3.1832e-11,  1.0000e+00, -7.4115e-21,  0.0000e+00],\n",
       "          [-9.2644e-22,  2.9104e-11,  1.0000e+00,  0.0000e+00],\n",
       "          [ 0.0000e+00,  0.0000e+00,  0.0000e+00,  1.0000e+00]],\n",
       " \n",
       "         [[ 1.0000e+00,  5.4352e-04,  1.6511e-03,  0.0000e+00],\n",
       "          [-5.4258e-04,  1.0000e+00, -6.1650e-04,  0.0000e+00],\n",
       "          [-1.6513e-03,  6.1557e-04,  1.0000e+00,  0.0000e+00],\n",
       "          [ 0.0000e+00,  0.0000e+00,  0.0000e+00,  1.0000e+00]],\n",
       " \n",
       "         [[ 9.9999e-01,  1.2883e-03,  3.3797e-03,  0.0000e+00],\n",
       "          [-1.2841e-03,  1.0000e+00, -1.3645e-03,  0.0000e+00],\n",
       "          [-3.3814e-03,  1.3601e-03,  9.9999e-01,  0.0000e+00],\n",
       "          [ 0.0000e+00,  0.0000e+00,  0.0000e+00,  1.0000e+00]],\n",
       " \n",
       "         [[ 9.9999e-01,  2.0420e-03,  5.0066e-03,  0.0000e+00],\n",
       "          [-2.0310e-03,  1.0000e+00, -2.1842e-03,  0.0000e+00],\n",
       "          [-5.0111e-03,  2.1740e-03,  9.9999e-01,  0.0000e+00],\n",
       "          [ 0.0000e+00,  0.0000e+00,  0.0000e+00,  1.0000e+00]],\n",
       " \n",
       "         [[ 9.9998e-01,  2.7118e-03,  6.4249e-03,  0.0000e+00],\n",
       "          [-2.6920e-03,  9.9999e-01, -3.0609e-03,  0.0000e+00],\n",
       "          [-6.4333e-03,  3.0437e-03,  9.9997e-01,  0.0000e+00],\n",
       "          [ 0.0000e+00,  0.0000e+00,  0.0000e+00,  1.0000e+00]],\n",
       " \n",
       "         [[ 9.9996e-01,  4.0396e-03,  7.6817e-03,  0.0000e+00],\n",
       "          [-4.0089e-03,  9.9998e-01, -3.9938e-03,  0.0000e+00],\n",
       "          [-7.6978e-03,  3.9630e-03,  9.9996e-01,  0.0000e+00],\n",
       "          [ 0.0000e+00,  0.0000e+00,  0.0000e+00,  1.0000e+00]],\n",
       " \n",
       "         [[ 9.9995e-01,  4.9619e-03,  8.4275e-03,  0.0000e+00],\n",
       "          [-4.9230e-03,  9.9998e-01, -4.6569e-03,  0.0000e+00],\n",
       "          [-8.4504e-03,  4.6153e-03,  9.9995e-01,  0.0000e+00],\n",
       "          [ 0.0000e+00,  0.0000e+00,  0.0000e+00,  1.0000e+00]],\n",
       " \n",
       "         [[ 9.9992e-01,  8.8014e-03,  9.2989e-03,  0.0000e+00],\n",
       "          [-8.7394e-03,  9.9994e-01, -6.6657e-03,  0.0000e+00],\n",
       "          [-9.3570e-03,  6.5838e-03,  9.9993e-01,  0.0000e+00],\n",
       "          [ 0.0000e+00,  0.0000e+00,  0.0000e+00,  1.0000e+00]],\n",
       " \n",
       "         [[ 9.9989e-01,  1.2080e-02,  9.1603e-03,  0.0000e+00],\n",
       "          [-1.2006e-02,  9.9990e-01, -8.0083e-03,  0.0000e+00],\n",
       "          [-9.2561e-03,  7.8974e-03,  9.9993e-01,  0.0000e+00],\n",
       "          [ 0.0000e+00,  0.0000e+00,  0.0000e+00,  1.0000e+00]],\n",
       " \n",
       "         [[ 9.9984e-01,  1.5823e-02,  8.6621e-03,  0.0000e+00],\n",
       "          [-1.5740e-02,  9.9983e-01, -9.5239e-03,  0.0000e+00],\n",
       "          [-8.8113e-03,  9.3859e-03,  9.9992e-01,  0.0000e+00],\n",
       "          [ 0.0000e+00,  0.0000e+00,  0.0000e+00,  1.0000e+00]],\n",
       " \n",
       "         [[ 9.9981e-01,  1.7941e-02,  7.8303e-03,  0.0000e+00],\n",
       "          [-1.7853e-02,  9.9978e-01, -1.1202e-02,  0.0000e+00],\n",
       "          [-8.0296e-03,  1.1060e-02,  9.9991e-01,  0.0000e+00],\n",
       "          [ 0.0000e+00,  0.0000e+00,  0.0000e+00,  1.0000e+00]],\n",
       " \n",
       "         [[ 9.9977e-01,  2.0247e-02,  6.7153e-03,  0.0000e+00],\n",
       "          [-2.0160e-02,  9.9971e-01, -1.2969e-02,  0.0000e+00],\n",
       "          [-6.9760e-03,  1.2831e-02,  9.9989e-01,  0.0000e+00],\n",
       "          [ 0.0000e+00,  0.0000e+00,  0.0000e+00,  1.0000e+00]],\n",
       " \n",
       "         [[ 9.9974e-01,  2.2181e-02,  5.3811e-03,  0.0000e+00],\n",
       "          [-2.2100e-02,  9.9965e-01, -1.4861e-02,  0.0000e+00],\n",
       "          [-5.7089e-03,  1.4738e-02,  9.9988e-01,  0.0000e+00],\n",
       "          [ 0.0000e+00,  0.0000e+00,  0.0000e+00,  1.0000e+00]],\n",
       " \n",
       "         [[ 9.9974e-01,  2.2523e-02,  3.8545e-03,  0.0000e+00],\n",
       "          [-2.2456e-02,  9.9961e-01, -1.6651e-02,  0.0000e+00],\n",
       "          [-4.2281e-03,  1.6560e-02,  9.9985e-01,  0.0000e+00],\n",
       "          [ 0.0000e+00,  0.0000e+00,  0.0000e+00,  1.0000e+00]],\n",
       " \n",
       "         [[ 9.9980e-01,  1.9944e-02, -2.2443e-04,  0.0000e+00],\n",
       "          [-1.9944e-02,  9.9962e-01, -1.9069e-02,  0.0000e+00],\n",
       "          [-1.5611e-04,  1.9070e-02,  9.9982e-01,  0.0000e+00],\n",
       "          [ 0.0000e+00,  0.0000e+00,  0.0000e+00,  1.0000e+00]],\n",
       " \n",
       "         [[ 9.9983e-01,  1.8161e-02, -2.1840e-03,  0.0000e+00],\n",
       "          [-1.8201e-02,  9.9964e-01, -1.9884e-02,  0.0000e+00],\n",
       "          [ 1.8221e-03,  1.9920e-02,  9.9980e-01,  0.0000e+00],\n",
       "          [ 0.0000e+00,  0.0000e+00,  0.0000e+00,  1.0000e+00]],\n",
       " \n",
       "         [[ 9.9982e-01,  1.8787e-02, -4.0539e-03,  0.0000e+00],\n",
       "          [-1.8860e-02,  9.9964e-01, -1.9031e-02,  0.0000e+00],\n",
       "          [ 3.6948e-03,  1.9103e-02,  9.9981e-01,  0.0000e+00],\n",
       "          [ 0.0000e+00,  0.0000e+00,  0.0000e+00,  1.0000e+00]],\n",
       " \n",
       "         [[ 9.9981e-01,  1.7842e-02, -7.4379e-03,  0.0000e+00],\n",
       "          [-1.7969e-02,  9.9969e-01, -1.7308e-02,  0.0000e+00],\n",
       "          [ 7.1267e-03,  1.7438e-02,  9.9982e-01,  0.0000e+00],\n",
       "          [ 0.0000e+00,  0.0000e+00,  0.0000e+00,  1.0000e+00]],\n",
       " \n",
       "         [[ 9.9983e-01,  1.5902e-02, -9.8152e-03,  0.0000e+00],\n",
       "          [-1.6058e-02,  9.9974e-01, -1.6119e-02,  0.0000e+00],\n",
       "          [ 9.5560e-03,  1.6273e-02,  9.9982e-01,  0.0000e+00],\n",
       "          [ 0.0000e+00,  0.0000e+00,  0.0000e+00,  1.0000e+00]],\n",
       " \n",
       "         [[ 9.9984e-01,  1.3123e-02, -1.2369e-02,  0.0000e+00],\n",
       "          [-1.3308e-02,  9.9980e-01, -1.5023e-02,  0.0000e+00],\n",
       "          [ 1.2169e-02,  1.5185e-02,  9.9981e-01,  0.0000e+00],\n",
       "          [ 0.0000e+00,  0.0000e+00,  0.0000e+00,  1.0000e+00]],\n",
       " \n",
       "         [[ 9.9983e-01,  1.0092e-02, -1.5229e-02,  0.0000e+00],\n",
       "          [-1.0302e-02,  9.9985e-01, -1.3780e-02,  0.0000e+00],\n",
       "          [ 1.5087e-02,  1.3934e-02,  9.9979e-01,  0.0000e+00],\n",
       "          [ 0.0000e+00,  0.0000e+00,  0.0000e+00,  1.0000e+00]],\n",
       " \n",
       "         [[ 9.9977e-01,  2.1768e-03, -2.1498e-02,  0.0000e+00],\n",
       "          [-2.4033e-03,  9.9994e-01, -1.0519e-02,  0.0000e+00],\n",
       "          [ 2.1474e-02,  1.0568e-02,  9.9971e-01,  0.0000e+00],\n",
       "          [ 0.0000e+00,  0.0000e+00,  0.0000e+00,  1.0000e+00]],\n",
       " \n",
       "         [[ 9.9973e-01, -1.2461e-03, -2.3108e-02,  0.0000e+00],\n",
       "          [ 1.0250e-03,  9.9995e-01, -9.5790e-03,  0.0000e+00],\n",
       "          [ 2.3119e-02,  9.5525e-03,  9.9969e-01,  0.0000e+00],\n",
       "          [ 0.0000e+00,  0.0000e+00,  0.0000e+00,  1.0000e+00]],\n",
       " \n",
       "         [[ 9.9968e-01, -4.2685e-03, -2.4747e-02,  0.0000e+00],\n",
       "          [ 4.0580e-03,  9.9996e-01, -8.5495e-03,  0.0000e+00],\n",
       "          [ 2.4783e-02,  8.4461e-03,  9.9966e-01,  0.0000e+00],\n",
       "          [ 0.0000e+00,  0.0000e+00,  0.0000e+00,  1.0000e+00]],\n",
       " \n",
       "         [[ 9.9956e-01, -9.2806e-03, -2.8044e-02,  0.0000e+00],\n",
       "          [ 9.1088e-03,  9.9994e-01, -6.2483e-03,  0.0000e+00],\n",
       "          [ 2.8100e-02,  5.9898e-03,  9.9959e-01,  0.0000e+00],\n",
       "          [ 0.0000e+00,  0.0000e+00,  0.0000e+00,  1.0000e+00]],\n",
       " \n",
       "         [[ 9.9949e-01, -1.2088e-02, -2.9608e-02,  0.0000e+00],\n",
       "          [ 1.1941e-02,  9.9992e-01, -5.1185e-03,  0.0000e+00],\n",
       "          [ 2.9667e-02,  4.7620e-03,  9.9955e-01,  0.0000e+00],\n",
       "          [ 0.0000e+00,  0.0000e+00,  0.0000e+00,  1.0000e+00]],\n",
       " \n",
       "         [[ 9.9941e-01, -1.4583e-02, -3.1110e-02,  0.0000e+00],\n",
       "          [ 1.4465e-02,  9.9989e-01, -3.9821e-03,  0.0000e+00],\n",
       "          [ 3.1164e-02,  3.5294e-03,  9.9951e-01,  0.0000e+00],\n",
       "          [ 0.0000e+00,  0.0000e+00,  0.0000e+00,  1.0000e+00]],\n",
       " \n",
       "         [[ 9.9927e-01, -1.7918e-02, -3.3808e-02,  0.0000e+00],\n",
       "          [ 1.7869e-02,  9.9984e-01, -1.7712e-03,  0.0000e+00],\n",
       "          [ 3.3834e-02,  1.1656e-03,  9.9943e-01,  0.0000e+00],\n",
       "          [ 0.0000e+00,  0.0000e+00,  0.0000e+00,  1.0000e+00]],\n",
       " \n",
       "         [[ 9.9904e-01, -2.2405e-02, -3.7776e-02,  0.0000e+00],\n",
       "          [ 2.2512e-02,  9.9974e-01,  2.4131e-03,  0.0000e+00],\n",
       "          [ 3.7712e-02, -3.2614e-03,  9.9928e-01,  0.0000e+00],\n",
       "          [ 0.0000e+00,  0.0000e+00,  0.0000e+00,  1.0000e+00]],\n",
       " \n",
       "         [[ 9.9898e-01, -2.2912e-02, -3.8883e-02,  0.0000e+00],\n",
       "          [ 2.3094e-02,  9.9972e-01,  4.2376e-03,  0.0000e+00],\n",
       "          [ 3.8775e-02, -5.1315e-03,  9.9923e-01,  0.0000e+00],\n",
       "          [ 0.0000e+00,  0.0000e+00,  0.0000e+00,  1.0000e+00]],\n",
       " \n",
       "         [[ 9.9895e-01, -2.3219e-02, -3.9443e-02,  0.0000e+00],\n",
       "          [ 2.3462e-02,  9.9971e-01,  5.7233e-03,  0.0000e+00],\n",
       "          [ 3.9299e-02, -6.6429e-03,  9.9921e-01,  0.0000e+00],\n",
       "          [ 0.0000e+00,  0.0000e+00,  0.0000e+00,  1.0000e+00]],\n",
       " \n",
       "         [[ 9.9895e-01, -2.3130e-02, -3.9549e-02,  0.0000e+00],\n",
       "          [ 2.3427e-02,  9.9970e-01,  7.0651e-03,  0.0000e+00],\n",
       "          [ 3.9374e-02, -7.9845e-03,  9.9919e-01,  0.0000e+00],\n",
       "          [ 0.0000e+00,  0.0000e+00,  0.0000e+00,  1.0000e+00]],\n",
       " \n",
       "         [[ 9.9899e-01, -2.2141e-02, -3.9087e-02,  0.0000e+00],\n",
       "          [ 2.2505e-02,  9.9971e-01,  8.8981e-03,  0.0000e+00],\n",
       "          [ 3.8878e-02, -9.7689e-03,  9.9920e-01,  0.0000e+00],\n",
       "          [ 0.0000e+00,  0.0000e+00,  0.0000e+00,  1.0000e+00]],\n",
       " \n",
       "         [[ 9.9899e-01, -2.3870e-02, -3.8031e-02,  0.0000e+00],\n",
       "          [ 2.4308e-02,  9.9964e-01,  1.1106e-02,  0.0000e+00],\n",
       "          [ 3.7752e-02, -1.2019e-02,  9.9921e-01,  0.0000e+00],\n",
       "          [ 0.0000e+00,  0.0000e+00,  0.0000e+00,  1.0000e+00]],\n",
       " \n",
       "         [[ 9.9894e-01, -2.7275e-02, -3.7128e-02,  0.0000e+00],\n",
       "          [ 2.7750e-02,  9.9954e-01,  1.2346e-02,  0.0000e+00],\n",
       "          [ 3.6774e-02, -1.3364e-02,  9.9923e-01,  0.0000e+00],\n",
       "          [ 0.0000e+00,  0.0000e+00,  0.0000e+00,  1.0000e+00]],\n",
       " \n",
       "         [[ 9.9874e-01, -3.6760e-02, -3.4301e-02,  0.0000e+00],\n",
       "          [ 3.7270e-02,  9.9920e-01,  1.4347e-02,  0.0000e+00],\n",
       "          [ 3.3746e-02, -1.5607e-02,  9.9931e-01,  0.0000e+00],\n",
       "          [ 0.0000e+00,  0.0000e+00,  0.0000e+00,  1.0000e+00]],\n",
       " \n",
       "         [[ 9.9865e-01, -4.0827e-02, -3.2065e-02,  0.0000e+00],\n",
       "          [ 4.1327e-02,  9.9903e-01,  1.5087e-02,  0.0000e+00],\n",
       "          [ 3.1418e-02, -1.6392e-02,  9.9937e-01,  0.0000e+00],\n",
       "          [ 0.0000e+00,  0.0000e+00,  0.0000e+00,  1.0000e+00]],\n",
       " \n",
       "         [[ 9.9865e-01, -4.2836e-02, -2.9355e-02,  0.0000e+00],\n",
       "          [ 4.3309e-02,  9.9894e-01,  1.5700e-02,  0.0000e+00],\n",
       "          [ 2.8651e-02, -1.6950e-02,  9.9945e-01,  0.0000e+00],\n",
       "          [ 0.0000e+00,  0.0000e+00,  0.0000e+00,  1.0000e+00]],\n",
       " \n",
       "         [[ 9.9874e-01, -4.2750e-02, -2.6177e-02,  0.0000e+00],\n",
       "          [ 4.3186e-02,  9.9893e-01,  1.6323e-02,  0.0000e+00],\n",
       "          [ 2.5451e-02, -1.7433e-02,  9.9952e-01,  0.0000e+00],\n",
       "          [ 0.0000e+00,  0.0000e+00,  0.0000e+00,  1.0000e+00]],\n",
       " \n",
       "         [[ 9.9893e-01, -4.0513e-02, -2.2398e-02,  0.0000e+00],\n",
       "          [ 4.0900e-02,  9.9902e-01,  1.7087e-02,  0.0000e+00],\n",
       "          [ 2.1684e-02, -1.7985e-02,  9.9960e-01,  0.0000e+00],\n",
       "          [ 0.0000e+00,  0.0000e+00,  0.0000e+00,  1.0000e+00]],\n",
       " \n",
       "         [[ 9.9912e-01, -3.7739e-02, -1.8044e-02,  0.0000e+00],\n",
       "          [ 3.8060e-02,  9.9912e-01,  1.7778e-02,  0.0000e+00],\n",
       "          [ 1.7357e-02, -1.8449e-02,  9.9968e-01,  0.0000e+00],\n",
       "          [ 0.0000e+00,  0.0000e+00,  0.0000e+00,  1.0000e+00]],\n",
       " \n",
       "         [[ 9.9931e-01, -3.4580e-02, -1.3216e-02,  0.0000e+00],\n",
       "          [ 3.4819e-02,  9.9923e-01,  1.8365e-02,  0.0000e+00],\n",
       "          [ 1.2571e-02, -1.8812e-02,  9.9974e-01,  0.0000e+00],\n",
       "          [ 0.0000e+00,  0.0000e+00,  0.0000e+00,  1.0000e+00]],\n",
       " \n",
       "         [[ 9.9947e-01, -3.1400e-02, -8.0664e-03,  0.0000e+00],\n",
       "          [ 3.1546e-02,  9.9932e-01,  1.8859e-02,  0.0000e+00],\n",
       "          [ 7.4690e-03, -1.9104e-02,  9.9979e-01,  0.0000e+00],\n",
       "          [ 0.0000e+00,  0.0000e+00,  0.0000e+00,  1.0000e+00]],\n",
       " \n",
       "         [[ 9.9959e-01, -2.8563e-02, -2.7188e-03,  0.0000e+00],\n",
       "          [ 2.8609e-02,  9.9941e-01,  1.9129e-02,  0.0000e+00],\n",
       "          [ 2.1710e-03, -1.9199e-02,  9.9981e-01,  0.0000e+00],\n",
       "          [ 0.0000e+00,  0.0000e+00,  0.0000e+00,  1.0000e+00]],\n",
       " \n",
       "         [[ 9.9962e-01, -2.7451e-02, -2.3318e-05,  0.0000e+00],\n",
       "          [ 2.7447e-02,  9.9944e-01,  1.9231e-02,  0.0000e+00],\n",
       "          [-5.0445e-04, -1.9224e-02,  9.9981e-01,  0.0000e+00],\n",
       "          [ 0.0000e+00,  0.0000e+00,  0.0000e+00,  1.0000e+00]]],\n",
       "        device='cuda:0'),\n",
       " 'keyframe_time_indices': tensor([], device='cuda:0', dtype=torch.float64)}"
      ]
     },
     "execution_count": 4,
     "metadata": {},
     "output_type": "execute_result"
    }
   ],
   "source": [
    "params"
   ]
  },
  {
   "cell_type": "code",
   "execution_count": null,
   "metadata": {},
   "outputs": [
    {
     "name": "stdout",
     "output_type": "stream",
     "text": [
      "tensor(0.0018, device='cuda:0')\n",
      "tensor([[-6.8815, -5.6432,  8.2617],\n",
      "        [-6.6291, -5.4691,  8.0068],\n",
      "        [-6.5513, -5.4378,  7.9609],\n",
      "        ...,\n",
      "        [ 5.6420,  4.4598,  6.7597],\n",
      "        [ 5.7406,  4.5106,  6.8368],\n",
      "        [ 6.1185,  4.7790,  7.2436]], device='cuda:0')\n",
      "tensor(0.0018, device='cuda:0')\n",
      "tensor([[-6.8474, -5.6174,  8.2879],\n",
      "        [-6.6194, -5.4610,  8.0167],\n",
      "        [-6.5410, -5.4311,  7.9705],\n",
      "        ...,\n",
      "        [ 5.6431,  4.4626,  6.7466],\n",
      "        [ 5.7521,  4.5173,  6.8299],\n",
      "        [ 6.1260,  4.7860,  7.2366]], device='cuda:0')\n",
      "tensor(0.0018, device='cuda:0')\n",
      "tensor([[-6.8706, -5.6399,  8.2694],\n",
      "        [-6.6276, -5.4667,  8.0155],\n",
      "        [-6.5426, -5.4332,  7.9666],\n",
      "        ...,\n",
      "        [ 5.6443,  4.4655,  6.7559],\n",
      "        [ 5.7475,  4.5164,  6.8313],\n",
      "        [ 6.1225,  4.7856,  7.2386]], device='cuda:0')\n",
      "tensor(0.0018, device='cuda:0')\n",
      "tensor([[-6.8720, -5.6420,  8.2656],\n",
      "        [-6.6256, -5.4655,  8.0107],\n",
      "        [-6.5455, -5.4359,  7.9638],\n",
      "        ...,\n",
      "        [ 5.7038,  4.4359,  6.7657],\n",
      "        [ 5.7584,  4.4727,  6.8580],\n",
      "        [ 6.1195,  4.7803,  7.2429]], device='cuda:0')\n",
      "tensor(0.0018, device='cuda:0')\n",
      "tensor([[-6.8784, -5.6474,  8.2645],\n",
      "        [-6.6284, -5.4705,  8.0052],\n",
      "        [-6.5443, -5.4381,  7.9568],\n",
      "        ...,\n",
      "        [ 5.6958,  4.4160,  6.7771],\n",
      "        [ 5.7184,  4.4977,  6.8541],\n",
      "        [ 6.0911,  4.7661,  7.2681]], device='cuda:0')\n",
      "tensor(0.0018, device='cuda:0')\n",
      "tensor([[-6.8427, -5.6494,  8.2596],\n",
      "        [-6.6622, -5.4701,  7.9980],\n",
      "        [-6.5511, -5.4430,  7.9575],\n",
      "        ...,\n",
      "        [ 5.6091,  4.4732,  6.7814],\n",
      "        [ 5.7058,  4.5149,  6.8478],\n",
      "        [ 6.0937,  4.7628,  7.2672]], device='cuda:0')\n",
      "tensor(0.0018, device='cuda:0')\n",
      "tensor([[-6.8838, -5.6526,  8.2554],\n",
      "        [-6.6350, -5.4771,  7.9996],\n",
      "        [-6.5548, -5.4462,  7.9542],\n",
      "        ...,\n",
      "        [ 5.6393,  4.4378,  6.7745],\n",
      "        [ 5.7574,  4.5020,  6.8343],\n",
      "        [ 6.0816,  4.7818,  7.2566]], device='cuda:0')\n",
      "tensor(0.0018, device='cuda:0')\n",
      "tensor([[-6.8877, -5.6546,  8.2529],\n",
      "        [-6.6399, -5.4798,  7.9963],\n",
      "        [-6.5594, -5.4465,  7.9529],\n",
      "        ...,\n",
      "        [ 5.6401,  4.4377,  6.7827],\n",
      "        [ 5.7716,  4.4852,  6.8558],\n",
      "        [ 6.0889,  4.7575,  7.2753]], device='cuda:0')\n",
      "tensor(0.0018, device='cuda:0')\n",
      "tensor([[-6.8920, -5.6574,  8.2500],\n",
      "        [-6.6436, -5.4804,  7.9961],\n",
      "        [-6.5602, -5.4471,  7.9437],\n",
      "        ...,\n",
      "        [ 5.6887,  4.4414,  6.7667],\n",
      "        [ 5.7546,  4.4681,  6.8761],\n",
      "        [ 6.0650,  4.7666,  7.2759]], device='cuda:0')\n",
      "tensor(0.0018, device='cuda:0')\n",
      "tensor([[-6.8985, -5.6346,  8.2573],\n",
      "        [-6.6369, -5.4793,  7.9902],\n",
      "        [-6.5352, -5.4506,  7.9497],\n",
      "        ...,\n",
      "        [ 5.6977,  4.4273,  6.7752],\n",
      "        [ 5.7624,  4.4083,  6.8854],\n",
      "        [ 6.0450,  4.7783,  7.2942]], device='cuda:0')\n",
      "tensor(0.0018, device='cuda:0')\n",
      "tensor([[-6.9012, -5.6587,  8.2445],\n",
      "        [-6.6091, -5.4861,  7.9928],\n",
      "        [-6.5328, -5.4520,  7.9493],\n",
      "        ...,\n",
      "        [ 5.7016,  4.4298,  6.7786],\n",
      "        [ 5.6658,  4.4992,  6.8713],\n",
      "        [ 6.1781,  4.8387,  7.1839]], device='cuda:0')\n",
      "tensor(0.0018, device='cuda:0')\n",
      "tensor([[-6.9024, -5.6587,  8.2433],\n",
      "        [-6.6570, -5.4807,  7.9866],\n",
      "        [-6.5381, -5.4524,  7.9478],\n",
      "        ...,\n",
      "        [ 5.7016,  4.5194,  6.7000],\n",
      "        [ 5.8002,  4.5703,  6.7771],\n",
      "        [ 6.1781,  4.8387,  7.1839]], device='cuda:0')\n",
      "tensor(0.0018, device='cuda:0')\n",
      "tensor([[-6.9055, -5.6578,  8.2420],\n",
      "        [-6.6585, -5.4834,  7.9881],\n",
      "        [-6.5780, -5.4498,  7.9433],\n",
      "        ...,\n",
      "        [ 5.6525,  4.4252,  6.7697],\n",
      "        [ 5.7481,  4.4797,  6.8461],\n",
      "        [ 6.0875,  4.7455,  7.2953]], device='cuda:0')\n",
      "tensor(0.0018, device='cuda:0')\n",
      "tensor([[-6.9064, -5.6564,  8.2419],\n",
      "        [-6.6563, -5.4814,  7.9904],\n",
      "        [-6.5507, -5.4543,  7.9496],\n",
      "        ...,\n",
      "        [ 5.6613,  4.4301,  6.7765],\n",
      "        [ 5.7530,  4.4773,  6.8493],\n",
      "        [ 6.1185,  4.7790,  7.2436]], device='cuda:0')\n",
      "tensor(0.0018, device='cuda:0')\n",
      "tensor([[-6.9069, -5.6542,  8.2430],\n",
      "        [-6.6638, -5.4767,  7.9919],\n",
      "        [-6.5829, -5.4489,  7.9443],\n",
      "        ...,\n",
      "        [ 5.6971,  4.4249,  6.7758],\n",
      "        [ 5.6809,  4.5703,  6.7771],\n",
      "        [ 6.1185,  4.7790,  7.2436]], device='cuda:0')\n",
      "tensor(0.0018, device='cuda:0')\n",
      "tensor([[-6.9050, -5.6519,  8.2452],\n",
      "        [-6.6631, -5.4754,  7.9941],\n",
      "        [-6.5829, -5.4472,  7.9467],\n",
      "        ...,\n",
      "        [ 5.6957,  4.4213,  6.7923],\n",
      "        [ 5.6809,  4.5703,  6.7771],\n",
      "        [ 6.1185,  4.7790,  7.2436]], device='cuda:0')\n",
      "tensor(0.0018, device='cuda:0')\n",
      "tensor([[-6.9068, -5.6460,  8.2478],\n",
      "        [-6.6225, -5.4788,  8.0006],\n",
      "        [-6.5407, -5.4463,  7.9524],\n",
      "        ...,\n",
      "        [ 5.6455,  4.5017,  6.7343],\n",
      "        [ 5.6809,  4.5703,  6.7771],\n",
      "        [ 6.1728,  4.8334,  7.1892]], device='cuda:0')\n",
      "tensor(0.0018, device='cuda:0')\n",
      "tensor([[-6.9049, -5.6456,  8.2512],\n",
      "        [-6.6147, -5.4750,  8.0035],\n",
      "        [-6.5402, -5.4414,  7.9577],\n",
      "        ...,\n",
      "        [ 5.7016,  4.5194,  6.7000],\n",
      "        [ 5.8002,  4.5703,  6.7771],\n",
      "        [ 6.1781,  4.8387,  7.1839]], device='cuda:0')\n",
      "tensor(0.0018, device='cuda:0')\n",
      "tensor([[-6.8986, -5.6409,  8.2552],\n",
      "        [-6.6537, -5.4712,  8.0058],\n",
      "        [-6.5713, -5.4357,  7.9574],\n",
      "        ...,\n",
      "        [ 5.6676,  4.4198,  6.7549],\n",
      "        [ 5.8002,  4.5703,  6.7771],\n",
      "        [ 6.1781,  4.8387,  7.1839]], device='cuda:0')\n",
      "tensor(0.0018, device='cuda:0')\n",
      "tensor([[-6.8974, -5.6124,  8.2665],\n",
      "        [-6.6661, -5.4503,  7.9879],\n",
      "        [-6.5565, -5.4296,  7.9526],\n",
      "        ...,\n",
      "        [ 5.5824,  4.5196,  6.6997],\n",
      "        [ 5.8252,  4.5221,  6.8094],\n",
      "        [ 6.1385,  4.8027,  7.2209]], device='cuda:0')\n",
      "tensor(0.0018, device='cuda:0')\n",
      "tensor([[-6.8913, -5.6386,  8.2684],\n",
      "        [-6.6433, -5.4645,  8.0143],\n",
      "        [-6.5604, -5.4332,  7.9677],\n",
      "        ...,\n",
      "        [ 5.6699,  4.3825,  6.7827],\n",
      "        [ 5.7731,  4.4913,  6.8436],\n",
      "        [ 6.1394,  4.7442,  7.2603]], device='cuda:0')\n",
      "tensor(0.0018, device='cuda:0')\n",
      "tensor([[-6.8506, -5.6378,  8.2866],\n",
      "        [-6.6349, -5.4619,  8.0246],\n",
      "        [-6.5499, -5.4274,  7.9660],\n",
      "        ...,\n",
      "        [ 5.5996,  4.4483,  6.7910],\n",
      "        [ 5.7264,  4.5094,  6.8556],\n",
      "        [ 6.1413,  4.7382,  7.2885]], device='cuda:0')\n",
      "tensor(0.0018, device='cuda:0')\n",
      "tensor([[-6.8752, -5.6313,  8.2709],\n",
      "        [-6.6376, -5.4396,  8.0320],\n",
      "        [-6.5469, -5.4284,  7.9723],\n",
      "        ...,\n",
      "        [ 5.5753,  4.4557,  6.7910],\n",
      "        [ 5.7188,  4.5259,  6.8603],\n",
      "        [ 6.1039,  4.7431,  7.2704]], device='cuda:0')\n",
      "tensor(0.0018, device='cuda:0')\n",
      "tensor([[-6.8743, -5.6080,  8.2833],\n",
      "        [-6.6632, -5.4364,  8.0321],\n",
      "        [-6.5599, -5.4085,  7.9968],\n",
      "        ...,\n",
      "        [ 5.5868,  4.4798,  6.7662],\n",
      "        [ 5.7044,  4.5102,  6.8539],\n",
      "        [ 6.1198,  4.7871,  7.2371]], device='cuda:0')\n",
      "tensor(0.0018, device='cuda:0')\n",
      "tensor([[-6.7994, -5.6342,  8.3086],\n",
      "        [-6.6112, -5.4608,  8.0260],\n",
      "        [-6.5487, -5.4115,  7.9982],\n",
      "        ...,\n",
      "        [ 5.6608,  4.4533,  6.7536],\n",
      "        [ 5.7448,  4.5286,  6.8242],\n",
