{
 "cells": [
  {
   "cell_type": "code",
   "execution_count": 1,
   "metadata": {},
   "outputs": [
    {
     "name": "stdout",
     "output_type": "stream",
     "text": [
      "System Paths:\n",
      "/media/thesis_ssd/code/EndoGSLAM/EndoGSLAM\n",
      "/media/thesis_ssd/anaconda/envs/endogslam/lib/python310.zip\n",
      "/media/thesis_ssd/anaconda/envs/endogslam/lib/python3.10\n",
      "/media/thesis_ssd/anaconda/envs/endogslam/lib/python3.10/lib-dynload\n",
      "\n",
      "/media/thesis_ssd/anaconda/envs/endogslam/lib/python3.10/site-packages\n"
     ]
    },
    {
     "ename": "RuntimeError",
     "evalue": "CUDA unknown error - this may be due to an incorrectly set up environment, e.g. changing env variable CUDA_VISIBLE_DEVICES after program start. Setting the available devices to be zero.",
     "output_type": "error",
     "traceback": [
      "\u001b[0;31m---------------------------------------------------------------------------\u001b[0m",
      "\u001b[0;31mRuntimeError\u001b[0m                              Traceback (most recent call last)",
      "Cell \u001b[0;32mIn[1], line 4\u001b[0m\n\u001b[1;32m      2\u001b[0m \u001b[38;5;28;01mfrom\u001b[39;00m\u001b[38;5;250m \u001b[39m\u001b[38;5;21;01mutils\u001b[39;00m\u001b[38;5;21;01m.\u001b[39;00m\u001b[38;5;21;01mslam_helpers\u001b[39;00m\u001b[38;5;250m \u001b[39m\u001b[38;5;28;01mimport\u001b[39;00m transform_to_frame,transformed_params2depthplussilhouette,transformed_params2rendervar,transformed_GRNparams2rendervar,transformed_GRNparams2depthplussilhouette\n\u001b[1;32m      3\u001b[0m \u001b[38;5;28;01mfrom\u001b[39;00m\u001b[38;5;250m \u001b[39m\u001b[38;5;21;01mdiff_gaussian_rasterization\u001b[39;00m\u001b[38;5;250m \u001b[39m\u001b[38;5;28;01mimport\u001b[39;00m GaussianRasterizer \u001b[38;5;28;01mas\u001b[39;00m Renderer\n\u001b[0;32m----> 4\u001b[0m \u001b[38;5;28;01mfrom\u001b[39;00m\u001b[38;5;250m \u001b[39m\u001b[38;5;21;01mscripts\u001b[39;00m\u001b[38;5;21;01m.\u001b[39;00m\u001b[38;5;21;01mmain_SurgeSplat\u001b[39;00m\u001b[38;5;250m \u001b[39m\u001b[38;5;28;01mimport\u001b[39;00m deform_gaussians, setup_camera\n\u001b[1;32m      5\u001b[0m \u001b[38;5;28;01mimport\u001b[39;00m\u001b[38;5;250m \u001b[39m\u001b[38;5;21;01mtorch\u001b[39;00m\n\u001b[1;32m      6\u001b[0m \u001b[38;5;28;01mimport\u001b[39;00m\u001b[38;5;250m \u001b[39m\u001b[38;5;21;01mos\u001b[39;00m\n",
      "File \u001b[0;32m/media/thesis_ssd/code/EndoGSLAM/EndoGSLAM/scripts/main_SurgeSplat.py:29\u001b[0m\n\u001b[1;32m     21\u001b[0m \u001b[38;5;28;01mfrom\u001b[39;00m\u001b[38;5;250m \u001b[39m\u001b[38;5;21;01mdatasets\u001b[39;00m\u001b[38;5;21;01m.\u001b[39;00m\u001b[38;5;21;01mgradslam_datasets\u001b[39;00m\u001b[38;5;250m \u001b[39m\u001b[38;5;28;01mimport\u001b[39;00m (\n\u001b[1;32m     22\u001b[0m     load_dataset_config,\n\u001b[1;32m     23\u001b[0m     EndoSLAMDataset,\n\u001b[0;32m   (...)\u001b[0m\n\u001b[1;32m     26\u001b[0m     EndoNerfDataset\n\u001b[1;32m     27\u001b[0m )\n\u001b[1;32m     28\u001b[0m \u001b[38;5;28;01mfrom\u001b[39;00m\u001b[38;5;250m \u001b[39m\u001b[38;5;21;01mutils\u001b[39;00m\u001b[38;5;21;01m.\u001b[39;00m\u001b[38;5;21;01mcommon_utils\u001b[39;00m\u001b[38;5;250m \u001b[39m\u001b[38;5;28;01mimport\u001b[39;00m seed_everything, save_params_ckpt, save_params, save_means3D\n\u001b[0;32m---> 29\u001b[0m \u001b[38;5;28;01mfrom\u001b[39;00m\u001b[38;5;250m \u001b[39m\u001b[38;5;21;01mutils\u001b[39;00m\u001b[38;5;21;01m.\u001b[39;00m\u001b[38;5;21;01meval_helpers\u001b[39;00m\u001b[38;5;250m \u001b[39m\u001b[38;5;28;01mimport\u001b[39;00m report_progress, eval_save\n\u001b[1;32m     30\u001b[0m \u001b[38;5;28;01mfrom\u001b[39;00m\u001b[38;5;250m \u001b[39m\u001b[38;5;21;01mutils\u001b[39;00m\u001b[38;5;21;01m.\u001b[39;00m\u001b[38;5;21;01mkeyframe_selection\u001b[39;00m\u001b[38;5;250m \u001b[39m\u001b[38;5;28;01mimport\u001b[39;00m keyframe_selection_overlap, keyframe_selection_distance\n\u001b[1;32m     31\u001b[0m \u001b[38;5;28;01mfrom\u001b[39;00m\u001b[38;5;250m \u001b[39m\u001b[38;5;21;01mutils\u001b[39;00m\u001b[38;5;21;01m.\u001b[39;00m\u001b[38;5;21;01mrecon_helpers\u001b[39;00m\u001b[38;5;250m \u001b[39m\u001b[38;5;28;01mimport\u001b[39;00m setup_camera, energy_mask\n",
      "File \u001b[0;32m/media/thesis_ssd/code/EndoGSLAM/EndoGSLAM/utils/eval_helpers.py:20\u001b[0m\n\u001b[1;32m     18\u001b[0m \u001b[38;5;28;01mfrom\u001b[39;00m\u001b[38;5;250m \u001b[39m\u001b[38;5;21;01mtorchmetrics\u001b[39;00m\u001b[38;5;21;01m.\u001b[39;00m\u001b[38;5;21;01mimage\u001b[39;00m\u001b[38;5;21;01m.\u001b[39;00m\u001b[38;5;21;01mlpip\u001b[39;00m\u001b[38;5;250m \u001b[39m\u001b[38;5;28;01mimport\u001b[39;00m LearnedPerceptualImagePatchSimilarity\n\u001b[1;32m     19\u001b[0m \u001b[38;5;28;01mfrom\u001b[39;00m\u001b[38;5;250m \u001b[39m\u001b[38;5;21;01mutils\u001b[39;00m\u001b[38;5;21;01m.\u001b[39;00m\u001b[38;5;21;01mtime_helper\u001b[39;00m\u001b[38;5;250m \u001b[39m\u001b[38;5;28;01mimport\u001b[39;00m Timer\n\u001b[0;32m---> 20\u001b[0m loss_fn_alex \u001b[38;5;241m=\u001b[39m \u001b[43mLearnedPerceptualImagePatchSimilarity\u001b[49m\u001b[43m(\u001b[49m\u001b[43mnet_type\u001b[49m\u001b[38;5;241;43m=\u001b[39;49m\u001b[38;5;124;43m'\u001b[39;49m\u001b[38;5;124;43malex\u001b[39;49m\u001b[38;5;124;43m'\u001b[39;49m\u001b[43m,\u001b[49m\u001b[43m \u001b[49m\u001b[43mnormalize\u001b[49m\u001b[38;5;241;43m=\u001b[39;49m\u001b[38;5;28;43;01mTrue\u001b[39;49;00m\u001b[43m)\u001b[49m\u001b[38;5;241;43m.\u001b[39;49m\u001b[43mcuda\u001b[49m\u001b[43m(\u001b[49m\u001b[43m)\u001b[49m\n\u001b[1;32m     22\u001b[0m \u001b[38;5;28;01mdef\u001b[39;00m\u001b[38;5;250m \u001b[39m\u001b[38;5;21malign\u001b[39m(model, data):\n\u001b[1;32m     23\u001b[0m \u001b[38;5;250m    \u001b[39m\u001b[38;5;124;03m\"\"\"Align two trajectories using the method of Horn (closed-form).\u001b[39;00m\n\u001b[1;32m     24\u001b[0m \n\u001b[1;32m     25\u001b[0m \u001b[38;5;124;03m    Args:\u001b[39;00m\n\u001b[0;32m   (...)\u001b[0m\n\u001b[1;32m     33\u001b[0m \n\u001b[1;32m     34\u001b[0m \u001b[38;5;124;03m    \"\"\"\u001b[39;00m\n",
      "File \u001b[0;32m/media/thesis_ssd/anaconda/envs/endogslam/lib/python3.10/site-packages/torch/nn/modules/module.py:1053\u001b[0m, in \u001b[0;36mModule.cuda\u001b[0;34m(self, device)\u001b[0m\n\u001b[1;32m   1036\u001b[0m \u001b[38;5;28;01mdef\u001b[39;00m\u001b[38;5;250m \u001b[39m\u001b[38;5;21mcuda\u001b[39m(\u001b[38;5;28mself\u001b[39m: T, device: Optional[Union[\u001b[38;5;28mint\u001b[39m, device]] \u001b[38;5;241m=\u001b[39m \u001b[38;5;28;01mNone\u001b[39;00m) \u001b[38;5;241m-\u001b[39m\u001b[38;5;241m>\u001b[39m T:\n\u001b[1;32m   1037\u001b[0m \u001b[38;5;250m    \u001b[39m\u001b[38;5;124mr\u001b[39m\u001b[38;5;124;03m\"\"\"Move all model parameters and buffers to the GPU.\u001b[39;00m\n\u001b[1;32m   1038\u001b[0m \n\u001b[1;32m   1039\u001b[0m \u001b[38;5;124;03m    This also makes associated parameters and buffers different objects. So\u001b[39;00m\n\u001b[0;32m   (...)\u001b[0m\n\u001b[1;32m   1051\u001b[0m \u001b[38;5;124;03m        Module: self\u001b[39;00m\n\u001b[1;32m   1052\u001b[0m \u001b[38;5;124;03m    \"\"\"\u001b[39;00m\n\u001b[0;32m-> 1053\u001b[0m     \u001b[38;5;28;01mreturn\u001b[39;00m \u001b[38;5;28;43mself\u001b[39;49m\u001b[38;5;241;43m.\u001b[39;49m\u001b[43m_apply\u001b[49m\u001b[43m(\u001b[49m\u001b[38;5;28;43;01mlambda\u001b[39;49;00m\u001b[43m \u001b[49m\u001b[43mt\u001b[49m\u001b[43m:\u001b[49m\u001b[43m \u001b[49m\u001b[43mt\u001b[49m\u001b[38;5;241;43m.\u001b[39;49m\u001b[43mcuda\u001b[49m\u001b[43m(\u001b[49m\u001b[43mdevice\u001b[49m\u001b[43m)\u001b[49m\u001b[43m)\u001b[49m\n",
      "File \u001b[0;32m/media/thesis_ssd/anaconda/envs/endogslam/lib/python3.10/site-packages/torchmetrics/metric.py:879\u001b[0m, in \u001b[0;36mMetric._apply\u001b[0;34m(self, fn, exclude_state)\u001b[0m\n\u001b[1;32m    867\u001b[0m \u001b[38;5;28;01mdef\u001b[39;00m\u001b[38;5;250m \u001b[39m\u001b[38;5;21m_apply\u001b[39m(\u001b[38;5;28mself\u001b[39m, fn: Callable, exclude_state: Sequence[\u001b[38;5;28mstr\u001b[39m] \u001b[38;5;241m=\u001b[39m \u001b[38;5;124m\"\u001b[39m\u001b[38;5;124m\"\u001b[39m) \u001b[38;5;241m-\u001b[39m\u001b[38;5;241m>\u001b[39m Module:\n\u001b[1;32m    868\u001b[0m \u001b[38;5;250m    \u001b[39m\u001b[38;5;124;03m\"\"\"Overwrite `_apply` function such that we can also move metric states to the correct device.\u001b[39;00m\n\u001b[1;32m    869\u001b[0m \n\u001b[1;32m    870\u001b[0m \u001b[38;5;124;03m    This method is called by the base ``nn.Module`` class whenever `.to`, `.cuda`, `.float`, `.half` etc. methods\u001b[39;00m\n\u001b[0;32m   (...)\u001b[0m\n\u001b[1;32m    877\u001b[0m \n\u001b[1;32m    878\u001b[0m \u001b[38;5;124;03m    \"\"\"\u001b[39;00m\n\u001b[0;32m--> 879\u001b[0m     this \u001b[38;5;241m=\u001b[39m \u001b[38;5;28;43msuper\u001b[39;49m\u001b[43m(\u001b[49m\u001b[43m)\u001b[49m\u001b[38;5;241;43m.\u001b[39;49m\u001b[43m_apply\u001b[49m\u001b[43m(\u001b[49m\u001b[43mfn\u001b[49m\u001b[43m)\u001b[49m\n\u001b[1;32m    880\u001b[0m     fs \u001b[38;5;241m=\u001b[39m \u001b[38;5;28mstr\u001b[39m(fn)\n\u001b[1;32m    881\u001b[0m     cond \u001b[38;5;241m=\u001b[39m \u001b[38;5;28many\u001b[39m(f \u001b[38;5;129;01min\u001b[39;00m fs \u001b[38;5;28;01mfor\u001b[39;00m f \u001b[38;5;129;01min\u001b[39;00m [\u001b[38;5;124m\"\u001b[39m\u001b[38;5;124mModule.type\u001b[39m\u001b[38;5;124m\"\u001b[39m, \u001b[38;5;124m\"\u001b[39m\u001b[38;5;124mModule.half\u001b[39m\u001b[38;5;124m\"\u001b[39m, \u001b[38;5;124m\"\u001b[39m\u001b[38;5;124mModule.float\u001b[39m\u001b[38;5;124m\"\u001b[39m, \u001b[38;5;124m\"\u001b[39m\u001b[38;5;124mModule.double\u001b[39m\u001b[38;5;124m\"\u001b[39m, \u001b[38;5;124m\"\u001b[39m\u001b[38;5;124mModule.bfloat16\u001b[39m\u001b[38;5;124m\"\u001b[39m])\n",
      "File \u001b[0;32m/media/thesis_ssd/anaconda/envs/endogslam/lib/python3.10/site-packages/torch/nn/modules/module.py:903\u001b[0m, in \u001b[0;36mModule._apply\u001b[0;34m(self, fn, recurse)\u001b[0m\n\u001b[1;32m    901\u001b[0m \u001b[38;5;28;01mif\u001b[39;00m recurse:\n\u001b[1;32m    902\u001b[0m     \u001b[38;5;28;01mfor\u001b[39;00m module \u001b[38;5;129;01min\u001b[39;00m \u001b[38;5;28mself\u001b[39m\u001b[38;5;241m.\u001b[39mchildren():\n\u001b[0;32m--> 903\u001b[0m         \u001b[43mmodule\u001b[49m\u001b[38;5;241;43m.\u001b[39;49m\u001b[43m_apply\u001b[49m\u001b[43m(\u001b[49m\u001b[43mfn\u001b[49m\u001b[43m)\u001b[49m\n\u001b[1;32m    905\u001b[0m \u001b[38;5;28;01mdef\u001b[39;00m\u001b[38;5;250m \u001b[39m\u001b[38;5;21mcompute_should_use_set_data\u001b[39m(tensor, tensor_applied):\n\u001b[1;32m    906\u001b[0m     \u001b[38;5;28;01mif\u001b[39;00m torch\u001b[38;5;241m.\u001b[39m_has_compatible_shallow_copy_type(tensor, tensor_applied):\n\u001b[1;32m    907\u001b[0m         \u001b[38;5;66;03m# If the new tensor has compatible tensor type as the existing tensor,\u001b[39;00m\n\u001b[1;32m    908\u001b[0m         \u001b[38;5;66;03m# the current behavior is to change the tensor in-place using `.data =`,\u001b[39;00m\n\u001b[0;32m   (...)\u001b[0m\n\u001b[1;32m    913\u001b[0m         \u001b[38;5;66;03m# global flag to let the user control whether they want the future\u001b[39;00m\n\u001b[1;32m    914\u001b[0m         \u001b[38;5;66;03m# behavior of overwriting the existing tensor or not.\u001b[39;00m\n",
      "File \u001b[0;32m/media/thesis_ssd/anaconda/envs/endogslam/lib/python3.10/site-packages/torch/nn/modules/module.py:903\u001b[0m, in \u001b[0;36mModule._apply\u001b[0;34m(self, fn, recurse)\u001b[0m\n\u001b[1;32m    901\u001b[0m \u001b[38;5;28;01mif\u001b[39;00m recurse:\n\u001b[1;32m    902\u001b[0m     \u001b[38;5;28;01mfor\u001b[39;00m module \u001b[38;5;129;01min\u001b[39;00m \u001b[38;5;28mself\u001b[39m\u001b[38;5;241m.\u001b[39mchildren():\n\u001b[0;32m--> 903\u001b[0m         \u001b[43mmodule\u001b[49m\u001b[38;5;241;43m.\u001b[39;49m\u001b[43m_apply\u001b[49m\u001b[43m(\u001b[49m\u001b[43mfn\u001b[49m\u001b[43m)\u001b[49m\n\u001b[1;32m    905\u001b[0m \u001b[38;5;28;01mdef\u001b[39;00m\u001b[38;5;250m \u001b[39m\u001b[38;5;21mcompute_should_use_set_data\u001b[39m(tensor, tensor_applied):\n\u001b[1;32m    906\u001b[0m     \u001b[38;5;28;01mif\u001b[39;00m torch\u001b[38;5;241m.\u001b[39m_has_compatible_shallow_copy_type(tensor, tensor_applied):\n\u001b[1;32m    907\u001b[0m         \u001b[38;5;66;03m# If the new tensor has compatible tensor type as the existing tensor,\u001b[39;00m\n\u001b[1;32m    908\u001b[0m         \u001b[38;5;66;03m# the current behavior is to change the tensor in-place using `.data =`,\u001b[39;00m\n\u001b[0;32m   (...)\u001b[0m\n\u001b[1;32m    913\u001b[0m         \u001b[38;5;66;03m# global flag to let the user control whether they want the future\u001b[39;00m\n\u001b[1;32m    914\u001b[0m         \u001b[38;5;66;03m# behavior of overwriting the existing tensor or not.\u001b[39;00m\n",
      "File \u001b[0;32m/media/thesis_ssd/anaconda/envs/endogslam/lib/python3.10/site-packages/torch/nn/modules/module.py:991\u001b[0m, in \u001b[0;36mModule._apply\u001b[0;34m(self, fn, recurse)\u001b[0m\n\u001b[1;32m    989\u001b[0m \u001b[38;5;28;01mfor\u001b[39;00m key, buf \u001b[38;5;129;01min\u001b[39;00m \u001b[38;5;28mself\u001b[39m\u001b[38;5;241m.\u001b[39m_buffers\u001b[38;5;241m.\u001b[39mitems():\n\u001b[1;32m    990\u001b[0m     \u001b[38;5;28;01mif\u001b[39;00m buf \u001b[38;5;129;01mis\u001b[39;00m \u001b[38;5;129;01mnot\u001b[39;00m \u001b[38;5;28;01mNone\u001b[39;00m:\n\u001b[0;32m--> 991\u001b[0m         \u001b[38;5;28mself\u001b[39m\u001b[38;5;241m.\u001b[39m_buffers[key] \u001b[38;5;241m=\u001b[39m \u001b[43mfn\u001b[49m\u001b[43m(\u001b[49m\u001b[43mbuf\u001b[49m\u001b[43m)\u001b[49m\n\u001b[1;32m    993\u001b[0m \u001b[38;5;28;01mreturn\u001b[39;00m \u001b[38;5;28mself\u001b[39m\n",
      "File \u001b[0;32m/media/thesis_ssd/anaconda/envs/endogslam/lib/python3.10/site-packages/torch/nn/modules/module.py:1053\u001b[0m, in \u001b[0;36mModule.cuda.<locals>.<lambda>\u001b[0;34m(t)\u001b[0m\n\u001b[1;32m   1036\u001b[0m \u001b[38;5;28;01mdef\u001b[39;00m\u001b[38;5;250m \u001b[39m\u001b[38;5;21mcuda\u001b[39m(\u001b[38;5;28mself\u001b[39m: T, device: Optional[Union[\u001b[38;5;28mint\u001b[39m, device]] \u001b[38;5;241m=\u001b[39m \u001b[38;5;28;01mNone\u001b[39;00m) \u001b[38;5;241m-\u001b[39m\u001b[38;5;241m>\u001b[39m T:\n\u001b[1;32m   1037\u001b[0m \u001b[38;5;250m    \u001b[39m\u001b[38;5;124mr\u001b[39m\u001b[38;5;124;03m\"\"\"Move all model parameters and buffers to the GPU.\u001b[39;00m\n\u001b[1;32m   1038\u001b[0m \n\u001b[1;32m   1039\u001b[0m \u001b[38;5;124;03m    This also makes associated parameters and buffers different objects. So\u001b[39;00m\n\u001b[0;32m   (...)\u001b[0m\n\u001b[1;32m   1051\u001b[0m \u001b[38;5;124;03m        Module: self\u001b[39;00m\n\u001b[1;32m   1052\u001b[0m \u001b[38;5;124;03m    \"\"\"\u001b[39;00m\n\u001b[0;32m-> 1053\u001b[0m     \u001b[38;5;28;01mreturn\u001b[39;00m \u001b[38;5;28mself\u001b[39m\u001b[38;5;241m.\u001b[39m_apply(\u001b[38;5;28;01mlambda\u001b[39;00m t: \u001b[43mt\u001b[49m\u001b[38;5;241;43m.\u001b[39;49m\u001b[43mcuda\u001b[49m\u001b[43m(\u001b[49m\u001b[43mdevice\u001b[49m\u001b[43m)\u001b[49m)\n",
      "File \u001b[0;32m/media/thesis_ssd/anaconda/envs/endogslam/lib/python3.10/site-packages/torch/cuda/__init__.py:319\u001b[0m, in \u001b[0;36m_lazy_init\u001b[0;34m()\u001b[0m\n\u001b[1;32m    317\u001b[0m \u001b[38;5;28;01mif\u001b[39;00m \u001b[38;5;124m\"\u001b[39m\u001b[38;5;124mCUDA_MODULE_LOADING\u001b[39m\u001b[38;5;124m\"\u001b[39m \u001b[38;5;129;01mnot\u001b[39;00m \u001b[38;5;129;01min\u001b[39;00m os\u001b[38;5;241m.\u001b[39menviron:\n\u001b[1;32m    318\u001b[0m     os\u001b[38;5;241m.\u001b[39menviron[\u001b[38;5;124m\"\u001b[39m\u001b[38;5;124mCUDA_MODULE_LOADING\u001b[39m\u001b[38;5;124m\"\u001b[39m] \u001b[38;5;241m=\u001b[39m \u001b[38;5;124m\"\u001b[39m\u001b[38;5;124mLAZY\u001b[39m\u001b[38;5;124m\"\u001b[39m\n\u001b[0;32m--> 319\u001b[0m \u001b[43mtorch\u001b[49m\u001b[38;5;241;43m.\u001b[39;49m\u001b[43m_C\u001b[49m\u001b[38;5;241;43m.\u001b[39;49m\u001b[43m_cuda_init\u001b[49m\u001b[43m(\u001b[49m\u001b[43m)\u001b[49m\n\u001b[1;32m    320\u001b[0m \u001b[38;5;66;03m# Some of the queued calls may reentrantly call _lazy_init();\u001b[39;00m\n\u001b[1;32m    321\u001b[0m \u001b[38;5;66;03m# we need to just return without initializing in that case.\u001b[39;00m\n\u001b[1;32m    322\u001b[0m \u001b[38;5;66;03m# However, we must not let any *other* threads in!\u001b[39;00m\n\u001b[1;32m    323\u001b[0m _tls\u001b[38;5;241m.\u001b[39mis_initializing \u001b[38;5;241m=\u001b[39m \u001b[38;5;28;01mTrue\u001b[39;00m\n",
      "\u001b[0;31mRuntimeError\u001b[0m: CUDA unknown error - this may be due to an incorrectly set up environment, e.g. changing env variable CUDA_VISIBLE_DEVICES after program start. Setting the available devices to be zero."
     ]
    }
   ],
   "source": [
    "import numpy as np\n",
    "from utils.slam_helpers import transform_to_frame,transformed_params2depthplussilhouette,transformed_params2rendervar,transformed_GRNparams2rendervar,transformed_GRNparams2depthplussilhouette\n",
    "from diff_gaussian_rasterization import GaussianRasterizer as Renderer\n",
    "from scripts.main_SurgeSplat import deform_gaussians, setup_camera\n",
    "import torch\n",
    "import os\n",
    "from PIL import Image"
   ]
  },
  {
   "cell_type": "code",
   "execution_count": null,
   "metadata": {},
   "outputs": [],
   "source": [
    "intrinsics = torch.tensor([[199.6883,   0.0000, 166.3290],\n",
    "        [  0.0000, 249.4753, 170.4058],\n",
    "        [  0.0000,   0.0000,   1.0000]], device='cuda:0')\n",
    "w2c = torch.tensor([[ 1.0000e+00,  6.5711e-11,  2.3283e-10,  0.0000e+00],\n",
    "        [-3.1832e-11,  1.0000e+00, -7.4115e-21,  0.0000e+00],\n",
    "        [-9.2644e-22,  2.9104e-11,  1.0000e+00,  0.0000e+00],\n",
    "        [ 0.0000e+00,  0.0000e+00,  0.0000e+00,  1.0000e+00]], device='cuda:0')\n",
    "\n",
    "cam = setup_camera(336,336, intrinsics.cpu().numpy(), w2c.detach().cpu().numpy(), use_simplification=True)\n",
    "\n",
    "\n"
   ]
  },
  {
   "cell_type": "code",
   "execution_count": null,
   "metadata": {},
   "outputs": [],
   "source": [
    "params_np = np.load('/media/thesis_ssd/code/EndoGSLAM/EndoGSLAM/experiments/EndoNerf cutting_deform_short_simple/cutting_deform_short_simple/params.npz')\n",
    "params={}\n",
    "for key in params_np.keys():\n",
    "    params[key] = torch.tensor(params_np[key]).cuda()"
   ]
  },
  {
   "cell_type": "code",
   "execution_count": null,
   "metadata": {},
   "outputs": [
    {
     "data": {
      "text/plain": [
       "{'means3D': tensor([[[-6.8815, -6.8403, -6.8349,  ..., -6.8815, -6.8815, -6.8815],\n",
       "          [-5.6432, -5.6250, -5.6242,  ..., -5.6432, -5.6432, -5.6432],\n",
       "          [ 8.2617,  8.2973,  8.2960,  ...,  8.2617,  8.2617,  8.2617]],\n",
       " \n",
       "         [[-6.6291, -6.5871, -6.6702,  ..., -6.6291, -6.6291, -6.6291],\n",
       "          [-5.4691, -5.4067, -5.4271,  ..., -5.4691, -5.4691, -5.4691],\n",
       "          [ 8.0068,  8.0823,  8.0451,  ...,  8.0068,  8.0068,  8.0068]],\n",
       " \n",
       "         [[-6.5513, -6.5090, -6.5918,  ..., -6.5513, -6.5513, -6.5513],\n",
       "          [-5.4378, -5.3838, -5.3943,  ..., -5.4378, -5.4378, -5.4378],\n",
       "          [ 7.9609,  8.0409,  8.0013,  ...,  7.9609,  7.9609,  7.9609]],\n",
       " \n",
       "         ...,\n",
       " \n",
       "         [[ 5.7406,  5.7791,  5.7877,  ...,  5.7406,  5.7406,  5.7406],\n",
       "          [ 4.5106,  4.5159,  4.4997,  ...,  4.5106,  4.5106,  4.5106],\n",
       "          [ 6.8368,  6.8239,  6.8307,  ...,  6.8368,  6.8368,  6.8368]],\n",
       " \n",
       "         [[ 6.1185,  6.1092,  6.1295,  ...,  6.1185,  6.1185,  6.1185],\n",
       "          [ 4.7790,  4.7756,  4.7894,  ...,  4.7790,  4.7790,  4.7790],\n",
       "          [ 7.2436,  7.2506,  7.2339,  ...,  7.2436,  7.2436,  7.2436]],\n",
       " \n",
       "         [[ 3.9109,  3.9109,  3.9109,  ...,  3.8310,  3.8433,  3.8939],\n",
       "          [ 1.9012,  1.9012,  1.9012,  ...,  1.9782,  1.9837,  1.9890],\n",
       "          [ 5.6123,  5.6123,  5.6123,  ...,  5.6857,  5.5591,  5.5532]]],\n",
       "        device='cuda:0'),\n",
       " 'rgb_colors': tensor([[0.4591, 0.2327, 0.2647],\n",
       "         [0.4609, 0.2375, 0.2697],\n",
       "         [0.4570, 0.2325, 0.2657],\n",
       "         ...,\n",
       "         [0.7407, 0.4762, 0.2829],\n",
       "         [0.7441, 0.4852, 0.2881],\n",
       "         [0.1381, 0.0436, 0.0263]], device='cuda:0'),\n",
       " 'unnorm_rotations': tensor([[[-0.1666, -0.1666, -0.1666,  ..., -0.1666, -0.1666, -0.1666],\n",
       "          [ 0.1527,  0.1527,  0.1527,  ...,  0.1527,  0.1527,  0.1527],\n",
       "          [ 0.0637,  0.0637,  0.0637,  ...,  0.0637,  0.0637,  0.0637],\n",
       "          [-0.1624, -0.1624, -0.1624,  ..., -0.1624, -0.1624, -0.1624]],\n",
       " \n",
       "         [[-0.4364, -0.4364, -0.4364,  ..., -0.4364, -0.4364, -0.4364],\n",
       "          [ 0.5033,  0.5033,  0.5033,  ...,  0.5033,  0.5033,  0.5033],\n",
       "          [ 0.0388,  0.0388,  0.0388,  ...,  0.0388,  0.0388,  0.0388],\n",
       "          [-0.4237, -0.4237, -0.4237,  ..., -0.4237, -0.4237, -0.4237]],\n",
       " \n",
       "         [[-0.4617, -0.4617, -0.4617,  ..., -0.4617, -0.4617, -0.4617],\n",
       "          [ 0.6799,  0.6799,  0.6799,  ...,  0.6799,  0.6799,  0.6799],\n",
       "          [-0.0437, -0.0437, -0.0437,  ..., -0.0437, -0.0437, -0.0437],\n",
       "          [-0.4419, -0.4419, -0.4419,  ..., -0.4419, -0.4419, -0.4419]],\n",
       " \n",
       "         ...,\n",
       " \n",
       "         [[-0.1997, -0.1997, -0.1997,  ..., -0.1997, -0.1997, -0.1997],\n",
       "          [ 0.1038,  0.1038,  0.1038,  ...,  0.1038,  0.1038,  0.1038],\n",
       "          [ 0.0799,  0.0799,  0.0799,  ...,  0.0799,  0.0799,  0.0799],\n",
       "          [-0.4602, -0.4602, -0.4602,  ..., -0.4602, -0.4602, -0.4602]],\n",
       " \n",
       "         [[-0.0379, -0.0379, -0.0379,  ..., -0.0379, -0.0379, -0.0379],\n",
       "          [-0.0734, -0.0734, -0.0734,  ..., -0.0734, -0.0734, -0.0734],\n",
       "          [ 0.0839,  0.0839,  0.0839,  ...,  0.0839,  0.0839,  0.0839],\n",
       "          [-0.1843, -0.1843, -0.1843,  ..., -0.1843, -0.1843, -0.1843]],\n",
       " \n",
       "         [[-0.0638, -0.0638, -0.0638,  ..., -0.1038, -0.0972, -0.1142],\n",
       "          [ 0.0436,  0.0436,  0.0436,  ..., -0.0043,  0.0776,  0.0342],\n",
       "          [ 0.0476,  0.0476,  0.0476,  ...,  0.0400,  0.1170, -0.0153],\n",
       "          [-0.3152, -0.3152, -0.3152,  ..., -0.2683, -0.3882, -0.3624]]],\n",
       "        device='cuda:0'),\n",
       " 'logit_opacities': tensor([[0.7889],\n",
       "         [1.3688],\n",
       "         [1.6066],\n",
       "         ...,\n",
       "         [2.0532],\n",
       "         [0.6093],\n",
       "         [0.4521]], device='cuda:0'),\n",
       " 'log_scales': tensor([[[ 1.5236e-05,  1.5236e-05,  1.5236e-05,  ...,  1.5236e-05,\n",
       "            1.5236e-05,  1.5236e-05],\n",
       "          [ 7.4558e-06,  7.4558e-06,  7.4558e-06,  ...,  7.4558e-06,\n",
       "            7.4558e-06,  7.4558e-06],\n",
       "          [-1.4244e-05, -1.4244e-05, -1.4244e-05,  ..., -1.4244e-05,\n",
       "           -1.4244e-05, -1.4244e-05]],\n",
       " \n",
       "         [[ 3.9649e-05,  3.9649e-05,  3.9649e-05,  ...,  3.9649e-05,\n",
       "            3.9649e-05,  3.9649e-05],\n",
       "          [-1.7543e-05, -1.7543e-05, -1.7543e-05,  ..., -1.7543e-05,\n",
       "           -1.7543e-05, -1.7543e-05],\n",
       "          [-1.6799e-05, -1.6799e-05, -1.6799e-05,  ..., -1.6799e-05,\n",
       "           -1.6799e-05, -1.6799e-05]],\n",
       " \n",
       "         [[ 4.9439e-05,  4.9439e-05,  4.9439e-05,  ...,  4.9439e-05,\n",
       "            4.9439e-05,  4.9439e-05],\n",
       "          [-5.7711e-07, -5.7711e-07, -5.7711e-07,  ..., -5.7711e-07,\n",
       "           -5.7711e-07, -5.7711e-07],\n",
       "          [-1.4253e-05, -1.4253e-05, -1.4253e-05,  ..., -1.4253e-05,\n",
       "           -1.4253e-05, -1.4253e-05]],\n",
       " \n",
       "         ...,\n",
       " \n",
       "         [[ 3.3338e-05,  3.3338e-05,  3.3338e-05,  ...,  3.3338e-05,\n",
       "            3.3338e-05,  3.3338e-05],\n",
       "          [-5.0562e-06, -5.0562e-06, -5.0562e-06,  ..., -5.0562e-06,\n",
       "           -5.0562e-06, -5.0562e-06],\n",
       "          [-1.4514e-05, -1.4514e-05, -1.4514e-05,  ..., -1.4514e-05,\n",
       "           -1.4514e-05, -1.4514e-05]],\n",
       " \n",
       "         [[ 2.1241e-06,  2.1241e-06,  2.1241e-06,  ...,  2.1241e-06,\n",
       "            2.1241e-06,  2.1241e-06],\n",
       "          [ 6.8895e-06,  6.8895e-06,  6.8895e-06,  ...,  6.8895e-06,\n",
       "            6.8895e-06,  6.8895e-06],\n",
       "          [-1.0424e-05, -1.0424e-05, -1.0424e-05,  ..., -1.0424e-05,\n",
       "           -1.0424e-05, -1.0424e-05]],\n",
       " \n",
       "         [[-3.6906e-06, -3.6906e-06, -3.6906e-06,  ...,  1.0079e-01,\n",
       "            1.7004e-02,  2.4231e-02],\n",
       "          [ 3.0871e-06,  3.0871e-06,  3.0871e-06,  ...,  9.6163e-02,\n",
       "           -1.4138e-02, -1.2607e-02],\n",
       "          [ 1.2159e-06,  1.2159e-06,  1.2159e-06,  ...,  9.4400e-02,\n",
       "           -2.2928e-02,  3.8394e-02]]], device='cuda:0'),\n",
       " 'cam_unnorm_rots': tensor([[[ 1.0000e+00,  1.0000e+00,  9.9999e-01,  1.0001e+00,  1.0001e+00,\n",
       "            1.0001e+00,  1.0001e+00,  9.9993e-01,  9.9996e-01,  1.0002e+00,\n",
       "            1.0001e+00,  1.0001e+00,  1.0000e+00,  1.0000e+00,  1.0001e+00,\n",
       "            1.0000e+00,  1.0002e+00,  9.9999e-01,  1.0002e+00,  1.0001e+00,\n",
       "            1.0001e+00,  1.0001e+00,  1.0000e+00,  9.9986e-01,  1.0000e+00,\n",
       "            9.9976e-01,  9.9989e-01,  9.9986e-01,  1.0000e+00,  1.0001e+00,\n",
       "            1.0001e+00,  9.9991e-01,  1.0001e+00,  1.0001e+00,  1.0000e+00,\n",
       "            9.9997e-01,  9.9999e-01,  1.0000e+00,  1.0000e+00,  1.0000e+00,\n",
       "            9.9984e-01,  1.0000e+00,  9.9996e-01,  9.9997e-01,  9.9993e-01],\n",
       "          [ 0.0000e+00, -1.0904e-04, -1.9032e-04, -2.5361e-04, -2.9976e-04,\n",
       "           -3.5123e-04, -3.5642e-04, -4.6995e-04, -6.0719e-04, -5.8237e-04,\n",
       "           -5.4238e-04, -5.2026e-04, -4.2337e-04, -4.1609e-04, -4.4916e-04,\n",
       "           -7.0521e-04, -7.7236e-04, -8.5244e-04, -9.1210e-04, -8.7139e-04,\n",
       "           -6.7675e-04, -5.1350e-04, -4.2671e-04, -4.1039e-04, -2.0607e-04,\n",
       "            1.0265e-04,  2.9939e-04,  5.9069e-04,  7.9001e-04,  8.7689e-04,\n",
       "            1.0143e-03,  1.0966e-03,  1.0296e-03,  8.8060e-04,  6.8610e-04,\n",
       "            4.2163e-04,  1.5689e-04, -1.1068e-04, -4.3499e-04, -6.5045e-04,\n",
       "           -9.0139e-04, -1.0649e-03, -1.2013e-03, -1.2904e-03, -1.3365e-03],\n",
       "          [ 0.0000e+00, -5.0431e-05, -2.4871e-04, -3.6334e-04, -3.7570e-04,\n",
       "           -3.1127e-04, -1.6344e-04,  1.2848e-04,  4.9498e-04,  7.7206e-04,\n",
       "            9.6723e-04,  1.0430e-03,  1.2540e-03,  1.5558e-03,  1.7053e-03,\n",
       "            1.8007e-03,  1.8595e-03,  1.9094e-03,  1.8044e-03,  1.5752e-03,\n",
       "            1.2082e-03,  7.0989e-04,  1.4100e-04, -5.6650e-04, -1.1911e-03,\n",
       "           -1.7496e-03, -2.3962e-03, -3.1190e-03, -3.8689e-03, -4.4619e-03,\n",
       "           -5.0286e-03, -5.5306e-03, -5.8973e-03, -6.2122e-03, -6.4000e-03,\n",
       "           -6.4630e-03, -6.4080e-03, -6.2122e-03, -5.8405e-03, -5.3176e-03,\n",
       "           -4.7663e-03, -4.0324e-03, -3.1750e-03, -2.2161e-03, -1.1792e-03],\n",
       "          [ 0.0000e+00, -1.7638e-04, -4.4248e-04, -6.0998e-04, -7.7232e-04,\n",
       "           -7.1900e-04, -6.1560e-04, -4.2627e-04, -7.8007e-05,  1.7508e-04,\n",
       "            4.6462e-04,  8.5114e-04,  1.0861e-03,  1.0077e-03,  1.0144e-03,\n",
       "            8.9958e-04,  8.2821e-04,  7.3771e-04,  5.5680e-04,  2.5378e-04,\n",
       "           -2.0107e-04, -6.6373e-04, -1.0761e-03, -1.6471e-03, -2.2928e-03,\n",
       "           -3.1256e-03, -3.9787e-03, -5.0009e-03, -5.9801e-03, -7.0848e-03,\n",
       "           -8.1035e-03, -9.2188e-03, -1.0278e-02, -1.1174e-02, -1.1913e-02,\n",
       "           -1.2686e-02, -1.3382e-02, -1.4024e-02, -1.4527e-02, -1.4974e-02,\n",
       "           -1.5481e-02, -1.5961e-02, -1.6350e-02, -1.6629e-02, -1.6851e-02]]],\n",
       "        device='cuda:0'),\n",
       " 'cam_trans': tensor([[[ 0.0000e+00, -6.0398e-05, -4.4909e-04, -6.5224e-04, -6.0226e-04,\n",
       "           -3.4422e-04,  1.3597e-04,  1.0360e-03,  2.1365e-03,  3.2606e-03,\n",
       "            4.2390e-03,  5.0421e-03,  6.1609e-03,  7.4778e-03,  8.5218e-03,\n",
       "            9.4415e-03,  1.0299e-02,  1.1189e-02,  1.1774e-02,  1.2112e-02,\n",
       "            1.2109e-02,  1.1810e-02,  1.1616e-02,  1.1088e-02,  1.0776e-02,\n",
       "            1.0643e-02,  1.0280e-02,  9.8548e-03,  9.3079e-03,  9.1344e-03,\n",
       "            8.9886e-03,  8.8137e-03,  8.9670e-03,  9.2016e-03,  9.7289e-03,\n",
       "            1.0607e-02,  1.1780e-02,  1.3323e-02,  1.5299e-02,  1.7664e-02,\n",
       "            2.0139e-02,  2.3088e-02,  2.6371e-02,  2.9809e-02,  3.3452e-02],\n",
       "          [ 0.0000e+00,  2.4816e-04,  4.7560e-04,  6.4490e-04,  7.8364e-04,\n",
       "            8.8336e-04,  8.7719e-04,  1.1325e-03,  1.4872e-03,  1.4932e-03,\n",
       "            1.4436e-03,  1.4571e-03,  1.3487e-03,  1.5353e-03,  1.8336e-03,\n",
       "            2.6243e-03,  2.8845e-03,  3.2001e-03,  3.5004e-03,  3.5179e-03,\n",
       "            3.1330e-03,  2.8042e-03,  2.6371e-03,  2.5680e-03,  1.9738e-03,\n",
       "            1.0266e-03,  2.7595e-04, -7.9023e-04, -1.7447e-03, -2.5119e-03,\n",
       "           -3.5007e-03, -4.4925e-03, -5.1663e-03, -5.6822e-03, -6.1854e-03,\n",
       "           -6.5732e-03, -6.9260e-03, -7.3679e-03, -8.0379e-03, -9.0550e-03,\n",
       "           -1.0064e-02, -1.1399e-02, -1.2861e-02, -1.4454e-02, -1.6456e-02],\n",
       "          [ 0.0000e+00, -5.4053e-05, -5.7151e-05, -4.0523e-05, -1.1003e-04,\n",
       "            5.4179e-05,  1.4286e-04,  6.2547e-04,  7.6672e-04,  9.6040e-04,\n",
       "            1.2238e-03,  1.5816e-03,  1.9102e-03,  2.3521e-03,  2.4208e-03,\n",
       "            1.9479e-03,  1.3720e-03,  3.8133e-04, -6.6264e-04, -1.9162e-03,\n",
       "           -3.5189e-03, -4.9946e-03, -6.2590e-03, -7.7442e-03, -9.6005e-03,\n",
       "           -1.1786e-02, -1.3825e-02, -1.5730e-02, -1.7894e-02, -2.0467e-02,\n",
       "           -2.3467e-02, -2.6807e-02, -3.0306e-02, -3.4211e-02, -3.8333e-02,\n",
       "           -4.2487e-02, -4.6946e-02, -5.1714e-02, -5.6824e-02, -6.2260e-02,\n",
       "           -6.7969e-02, -7.3675e-02, -7.9744e-02, -8.5992e-02, -9.1998e-02]]],\n",
       "        device='cuda:0'),\n",
       " 'timestep': tensor([ 0.,  0.,  0.,  ...,  0.,  0., 18.], device='cuda:0'),\n",
       " 'intrinsics': tensor([[199.6883,   0.0000, 166.3290],\n",
       "         [  0.0000, 249.4753, 170.4058],\n",
       "         [  0.0000,   0.0000,   1.0000]], device='cuda:0'),\n",
       " 'w2c': tensor([[ 1.0000e+00,  6.5711e-11,  2.3283e-10,  0.0000e+00],\n",
       "         [-3.1832e-11,  1.0000e+00, -7.4115e-21,  0.0000e+00],\n",
       "         [-9.2644e-22,  2.9104e-11,  1.0000e+00,  0.0000e+00],\n",
       "         [ 0.0000e+00,  0.0000e+00,  0.0000e+00,  1.0000e+00]], device='cuda:0'),\n",
       " 'org_width': tensor(336, device='cuda:0'),\n",
       " 'org_height': tensor(336, device='cuda:0'),\n",
       " 'gt_w2c_all_frames': tensor([[[ 1.0000e+00,  6.5711e-11,  2.3283e-10,  0.0000e+00],\n",
       "          [-3.1832e-11,  1.0000e+00, -7.4115e-21,  0.0000e+00],\n",
       "          [-9.2644e-22,  2.9104e-11,  1.0000e+00,  0.0000e+00],\n",
       "          [ 0.0000e+00,  0.0000e+00,  0.0000e+00,  1.0000e+00]],\n",
       " \n",
       "         [[ 1.0000e+00,  5.4352e-04,  1.6511e-03,  0.0000e+00],\n",
       "          [-5.4258e-04,  1.0000e+00, -6.1650e-04,  0.0000e+00],\n",
       "          [-1.6513e-03,  6.1557e-04,  1.0000e+00,  0.0000e+00],\n",
       "          [ 0.0000e+00,  0.0000e+00,  0.0000e+00,  1.0000e+00]],\n",
       " \n",
       "         [[ 9.9999e-01,  1.2883e-03,  3.3797e-03,  0.0000e+00],\n",
       "          [-1.2841e-03,  1.0000e+00, -1.3645e-03,  0.0000e+00],\n",
       "          [-3.3814e-03,  1.3601e-03,  9.9999e-01,  0.0000e+00],\n",
       "          [ 0.0000e+00,  0.0000e+00,  0.0000e+00,  1.0000e+00]],\n",
       " \n",
       "         [[ 9.9999e-01,  2.0420e-03,  5.0066e-03,  0.0000e+00],\n",
       "          [-2.0310e-03,  1.0000e+00, -2.1842e-03,  0.0000e+00],\n",
       "          [-5.0111e-03,  2.1740e-03,  9.9999e-01,  0.0000e+00],\n",
       "          [ 0.0000e+00,  0.0000e+00,  0.0000e+00,  1.0000e+00]],\n",
       " \n",
       "         [[ 9.9998e-01,  2.7118e-03,  6.4249e-03,  0.0000e+00],\n",
       "          [-2.6920e-03,  9.9999e-01, -3.0609e-03,  0.0000e+00],\n",
       "          [-6.4333e-03,  3.0437e-03,  9.9997e-01,  0.0000e+00],\n",
       "          [ 0.0000e+00,  0.0000e+00,  0.0000e+00,  1.0000e+00]],\n",
       " \n",
       "         [[ 9.9996e-01,  4.0396e-03,  7.6817e-03,  0.0000e+00],\n",
       "          [-4.0089e-03,  9.9998e-01, -3.9938e-03,  0.0000e+00],\n",
       "          [-7.6978e-03,  3.9630e-03,  9.9996e-01,  0.0000e+00],\n",
       "          [ 0.0000e+00,  0.0000e+00,  0.0000e+00,  1.0000e+00]],\n",
       " \n",
       "         [[ 9.9995e-01,  4.9619e-03,  8.4275e-03,  0.0000e+00],\n",
       "          [-4.9230e-03,  9.9998e-01, -4.6569e-03,  0.0000e+00],\n",
       "          [-8.4504e-03,  4.6153e-03,  9.9995e-01,  0.0000e+00],\n",
       "          [ 0.0000e+00,  0.0000e+00,  0.0000e+00,  1.0000e+00]],\n",
       " \n",
       "         [[ 9.9992e-01,  8.8014e-03,  9.2989e-03,  0.0000e+00],\n",
       "          [-8.7394e-03,  9.9994e-01, -6.6657e-03,  0.0000e+00],\n",
       "          [-9.3570e-03,  6.5838e-03,  9.9993e-01,  0.0000e+00],\n",
       "          [ 0.0000e+00,  0.0000e+00,  0.0000e+00,  1.0000e+00]],\n",
       " \n",
       "         [[ 9.9989e-01,  1.2080e-02,  9.1603e-03,  0.0000e+00],\n",
       "          [-1.2006e-02,  9.9990e-01, -8.0083e-03,  0.0000e+00],\n",
       "          [-9.2561e-03,  7.8974e-03,  9.9993e-01,  0.0000e+00],\n",
       "          [ 0.0000e+00,  0.0000e+00,  0.0000e+00,  1.0000e+00]],\n",
       " \n",
       "         [[ 9.9984e-01,  1.5823e-02,  8.6621e-03,  0.0000e+00],\n",
       "          [-1.5740e-02,  9.9983e-01, -9.5239e-03,  0.0000e+00],\n",
       "          [-8.8113e-03,  9.3859e-03,  9.9992e-01,  0.0000e+00],\n",
       "          [ 0.0000e+00,  0.0000e+00,  0.0000e+00,  1.0000e+00]],\n",
       " \n",
       "         [[ 9.9981e-01,  1.7941e-02,  7.8303e-03,  0.0000e+00],\n",
       "          [-1.7853e-02,  9.9978e-01, -1.1202e-02,  0.0000e+00],\n",
       "          [-8.0296e-03,  1.1060e-02,  9.9991e-01,  0.0000e+00],\n",
       "          [ 0.0000e+00,  0.0000e+00,  0.0000e+00,  1.0000e+00]],\n",
       " \n",
       "         [[ 9.9977e-01,  2.0247e-02,  6.7153e-03,  0.0000e+00],\n",
       "          [-2.0160e-02,  9.9971e-01, -1.2969e-02,  0.0000e+00],\n",
       "          [-6.9760e-03,  1.2831e-02,  9.9989e-01,  0.0000e+00],\n",
       "          [ 0.0000e+00,  0.0000e+00,  0.0000e+00,  1.0000e+00]],\n",
       " \n",
       "         [[ 9.9974e-01,  2.2181e-02,  5.3811e-03,  0.0000e+00],\n",
       "          [-2.2100e-02,  9.9965e-01, -1.4861e-02,  0.0000e+00],\n",
       "          [-5.7089e-03,  1.4738e-02,  9.9988e-01,  0.0000e+00],\n",
       "          [ 0.0000e+00,  0.0000e+00,  0.0000e+00,  1.0000e+00]],\n",
       " \n",
       "         [[ 9.9974e-01,  2.2523e-02,  3.8545e-03,  0.0000e+00],\n",
       "          [-2.2456e-02,  9.9961e-01, -1.6651e-02,  0.0000e+00],\n",
       "          [-4.2281e-03,  1.6560e-02,  9.9985e-01,  0.0000e+00],\n",
       "          [ 0.0000e+00,  0.0000e+00,  0.0000e+00,  1.0000e+00]],\n",
       " \n",
       "         [[ 9.9980e-01,  1.9944e-02, -2.2443e-04,  0.0000e+00],\n",
       "          [-1.9944e-02,  9.9962e-01, -1.9069e-02,  0.0000e+00],\n",
       "          [-1.5611e-04,  1.9070e-02,  9.9982e-01,  0.0000e+00],\n",
       "          [ 0.0000e+00,  0.0000e+00,  0.0000e+00,  1.0000e+00]],\n",
       " \n",
       "         [[ 9.9983e-01,  1.8161e-02, -2.1840e-03,  0.0000e+00],\n",
       "          [-1.8201e-02,  9.9964e-01, -1.9884e-02,  0.0000e+00],\n",
       "          [ 1.8221e-03,  1.9920e-02,  9.9980e-01,  0.0000e+00],\n",
       "          [ 0.0000e+00,  0.0000e+00,  0.0000e+00,  1.0000e+00]],\n",
       " \n",
       "         [[ 9.9982e-01,  1.8787e-02, -4.0539e-03,  0.0000e+00],\n",
       "          [-1.8860e-02,  9.9964e-01, -1.9031e-02,  0.0000e+00],\n",
       "          [ 3.6948e-03,  1.9103e-02,  9.9981e-01,  0.0000e+00],\n",
       "          [ 0.0000e+00,  0.0000e+00,  0.0000e+00,  1.0000e+00]],\n",
       " \n",
       "         [[ 9.9981e-01,  1.7842e-02, -7.4379e-03,  0.0000e+00],\n",
       "          [-1.7969e-02,  9.9969e-01, -1.7308e-02,  0.0000e+00],\n",
       "          [ 7.1267e-03,  1.7438e-02,  9.9982e-01,  0.0000e+00],\n",
       "          [ 0.0000e+00,  0.0000e+00,  0.0000e+00,  1.0000e+00]],\n",
       " \n",
       "         [[ 9.9983e-01,  1.5902e-02, -9.8152e-03,  0.0000e+00],\n",
       "          [-1.6058e-02,  9.9974e-01, -1.6119e-02,  0.0000e+00],\n",
       "          [ 9.5560e-03,  1.6273e-02,  9.9982e-01,  0.0000e+00],\n",
       "          [ 0.0000e+00,  0.0000e+00,  0.0000e+00,  1.0000e+00]],\n",
       " \n",
       "         [[ 9.9984e-01,  1.3123e-02, -1.2369e-02,  0.0000e+00],\n",
       "          [-1.3308e-02,  9.9980e-01, -1.5023e-02,  0.0000e+00],\n",
       "          [ 1.2169e-02,  1.5185e-02,  9.9981e-01,  0.0000e+00],\n",
       "          [ 0.0000e+00,  0.0000e+00,  0.0000e+00,  1.0000e+00]],\n",
       " \n",
       "         [[ 9.9983e-01,  1.0092e-02, -1.5229e-02,  0.0000e+00],\n",
       "          [-1.0302e-02,  9.9985e-01, -1.3780e-02,  0.0000e+00],\n",
       "          [ 1.5087e-02,  1.3934e-02,  9.9979e-01,  0.0000e+00],\n",
       "          [ 0.0000e+00,  0.0000e+00,  0.0000e+00,  1.0000e+00]],\n",
       " \n",
       "         [[ 9.9977e-01,  2.1768e-03, -2.1498e-02,  0.0000e+00],\n",
       "          [-2.4033e-03,  9.9994e-01, -1.0519e-02,  0.0000e+00],\n",
       "          [ 2.1474e-02,  1.0568e-02,  9.9971e-01,  0.0000e+00],\n",
       "          [ 0.0000e+00,  0.0000e+00,  0.0000e+00,  1.0000e+00]],\n",
       " \n",
       "         [[ 9.9973e-01, -1.2461e-03, -2.3108e-02,  0.0000e+00],\n",
       "          [ 1.0250e-03,  9.9995e-01, -9.5790e-03,  0.0000e+00],\n",
       "          [ 2.3119e-02,  9.5525e-03,  9.9969e-01,  0.0000e+00],\n",
       "          [ 0.0000e+00,  0.0000e+00,  0.0000e+00,  1.0000e+00]],\n",
       " \n",
       "         [[ 9.9968e-01, -4.2685e-03, -2.4747e-02,  0.0000e+00],\n",
       "          [ 4.0580e-03,  9.9996e-01, -8.5495e-03,  0.0000e+00],\n",
       "          [ 2.4783e-02,  8.4461e-03,  9.9966e-01,  0.0000e+00],\n",
       "          [ 0.0000e+00,  0.0000e+00,  0.0000e+00,  1.0000e+00]],\n",
       " \n",
       "         [[ 9.9956e-01, -9.2806e-03, -2.8044e-02,  0.0000e+00],\n",
       "          [ 9.1088e-03,  9.9994e-01, -6.2483e-03,  0.0000e+00],\n",
