{
 "cells": [
  {
   "cell_type": "code",
   "execution_count": 18,
   "metadata": {},
   "outputs": [],
   "source": [
    "import numpy as np\n",
    "from utils.slam_helpers import transform_to_frame,transformed_params2depthplussilhouette,transformed_params2rendervar,transformed_GRNparams2rendervar,transformed_GRNparams2depthplussilhouette\n",
    "from diff_gaussian_rasterization import GaussianRasterizer as Renderer\n",
    "from scripts.main_SurgeSplat import deform_gaussians, setup_camera\n",
    "import torch\n",
    "import os\n",
    "from PIL import Image"
   ]
  },
  {
   "cell_type": "code",
   "execution_count": 19,
   "metadata": {},
   "outputs": [],
   "source": [
    "intrinsics = torch.tensor([[199.6883,   0.0000, 166.3290],\n",
    "        [  0.0000, 249.4753, 170.4058],\n",
    "        [  0.0000,   0.0000,   1.0000]], device='cuda:0')\n",
    "w2c = torch.tensor([[ 1.0000e+00,  6.5711e-11,  2.3283e-10,  0.0000e+00],\n",
    "        [-3.1832e-11,  1.0000e+00, -7.4115e-21,  0.0000e+00],\n",
    "        [-9.2644e-22,  2.9104e-11,  1.0000e+00,  0.0000e+00],\n",
    "        [ 0.0000e+00,  0.0000e+00,  0.0000e+00,  1.0000e+00]], device='cuda:0')\n",
    "\n",
    "cam = setup_camera(336,336, intrinsics.cpu().numpy(), w2c.detach().cpu().numpy(), use_simplification=True)\n",
    "\n",
    "\n"
   ]
  },
  {
   "cell_type": "code",
   "execution_count": 20,
   "metadata": {},
   "outputs": [],
   "source": [
    "params_np = np.load('/media/thesis_ssd/code/EndoGSLAM/EndoGSLAM/experiments/EndoNerf cutting_deform_short/cutting_deform_short/params.npz')\n",
    "params={}\n",
    "for key in params_np.keys():\n",
    "    params[key] = torch.tensor(params_np[key]).cuda()"
   ]
  },
  {
   "cell_type": "code",
   "execution_count": 21,
   "metadata": {},
   "outputs": [
    {
     "data": {
      "text/plain": [
       "{'means3D': tensor([[-0.8282, -0.6718,  0.9926],\n",
       "         [-0.8254, -0.6934,  0.9728],\n",
       "         [-0.8129, -0.6875,  0.9875],\n",
       "         ...,\n",
       "         [ 0.2499,  0.1741,  0.0966],\n",
       "         [ 0.4022,  0.2008,  0.1837],\n",
       "         [ 0.5082,  0.2172,  0.2801]], device='cuda:0'),\n",
       " 'rgb_colors': tensor([[-0.0134, -0.3315, -0.1528],\n",
       "         [ 0.6636,  0.4258,  0.6379],\n",
       "         [ 0.5044,  0.2184,  0.2580],\n",
       "         ...,\n",
       "         [ 0.1037,  0.0292,  0.0154],\n",
       "         [ 0.0389,  0.0021, -0.0224],\n",
       "         [ 0.0634,  0.0251, -0.0110]], device='cuda:0'),\n",
       " 'unnorm_rotations': tensor([[-0.1594,  0.1604,  0.0450, -0.1534],\n",
       "         [-0.4229,  0.4863,  0.0411, -0.3992],\n",
       "         [-0.5000,  0.6973, -0.0220, -0.4542],\n",
       "         ...,\n",
       "         [-0.0080, -0.0115,  0.0458, -0.1976],\n",
       "         [ 0.0637,  0.0665,  0.1200, -0.2440],\n",
       "         [ 0.0232,  0.1584,  0.1501, -0.2688]], device='cuda:0'),\n",
       " 'logit_opacities': tensor([[-1.7029],\n",
       "         [ 1.6766],\n",
       "         [-5.7987],\n",
       "         ...,\n",
       "         [-2.0350],\n",
       "         [-0.2287],\n",
       "         [-2.3116]], device='cuda:0'),\n",
       " 'log_scales': tensor([[-2.2639e-03,  1.0816e-02,  1.3226e-02],\n",
       "         [-8.4757e-04, -7.2599e-03, -1.2108e-02],\n",
       "         [ 1.4325e-03,  8.3061e-03, -1.2731e-03],\n",
       "         ...,\n",
       "         [ 1.1852e-03, -1.1421e-03, -1.0240e-03],\n",
       "         [-2.9251e-05, -2.8858e-05, -1.5460e-05],\n",
       "         [ 2.1955e-03,  7.1295e-04, -1.7566e-03]], device='cuda:0'),\n",
       " 'deform_weights': tensor([[[-1.6048e-02,  1.1882e-02,  9.9271e-03,  ...,  3.0650e-04,\n",
       "           -1.6912e-03,  3.5504e-03],\n",
       "          [-1.5994e-02,  1.1847e-02,  9.8737e-03,  ...,  3.4469e-04,\n",
       "           -1.6958e-03,  3.5448e-03],\n",
       "          [-1.5954e-02,  1.1835e-02,  9.8286e-03,  ...,  3.7609e-04,\n",
       "           -1.7009e-03,  3.5399e-03],\n",
       "          ...,\n",
       "          [-1.2778e-02, -3.2189e-02, -3.0566e-02,  ...,  7.1741e-04,\n",
       "           -5.5674e-04,  1.8720e-03],\n",
       "          [-4.4963e-03, -2.7277e-02, -2.4053e-02,  ..., -4.3074e-03,\n",
       "            6.7048e-04,  2.0024e-03],\n",
       "          [ 3.1039e-02,  1.2896e-02,  2.2953e-02,  ...,  2.9865e-03,\n",
       "           -1.6688e-03,  3.4120e-03]],\n",
       " \n",
       "         [[ 1.7060e-02,  1.3766e-02,  2.0331e-02,  ..., -2.1749e-03,\n",
       "            4.2441e-03, -6.2480e-04],\n",
       "          [ 1.6931e-02,  1.3811e-02,  2.0235e-02,  ..., -2.2002e-03,\n",
       "            4.3062e-03, -6.1826e-04],\n",
       "          [ 1.6828e-02,  1.3844e-02,  2.0160e-02,  ..., -2.2242e-03,\n",
       "            4.3624e-03, -6.1440e-04],\n",
       "          ...,\n",
       "          [ 4.5253e-02, -4.0904e-02, -2.1303e-04,  ...,  5.5210e-03,\n",
       "            4.5793e-03,  1.3945e-05],\n",
       "          [ 9.8439e-02, -7.9335e-02,  5.1551e-02,  ...,  3.4318e-03,\n",
       "            9.6019e-03,  1.2347e-03],\n",
       "          [ 1.5224e-01, -6.1372e-02,  9.7941e-02,  ...,  1.6761e-03,\n",
       "            1.4241e-02,  1.5992e-02]],\n",
       " \n",
       "         [[-2.3490e-04, -3.7854e-04,  5.2049e-04,  ..., -8.0241e-03,\n",
       "            5.8682e-03, -1.5113e-02],\n",
       "          [-2.2021e-05, -2.7972e-04, -2.3325e-05,  ..., -8.0019e-03,\n",
       "            5.8186e-03, -1.5124e-02],\n",
       "          [ 1.4642e-05, -2.2432e-04, -1.2645e-04,  ..., -7.9868e-03,\n",
       "            5.7769e-03, -1.5132e-02],\n",
       "          ...,\n",
       "          [ 4.0597e-02, -4.9350e-02, -3.2447e-02,  ..., -1.3167e-02,\n",
       "            1.0420e-02, -1.3593e-02],\n",
       "          [ 6.6257e-02, -3.5273e-02,  5.5969e-03,  ..., -1.0430e-02,\n",
       "            8.6664e-03, -1.8602e-02],\n",
       "          [ 6.3962e-02, -1.7758e-02,  3.0946e-02,  ..., -8.3851e-03,\n",
       "            7.9936e-03, -1.8854e-02]],\n",
       " \n",
       "         ...,\n",
       " \n",
       "         [[ 1.2488e-02, -8.4757e-03, -1.3189e-02,  ..., -1.5686e-03,\n",
       "            1.6001e-03,  2.3747e-03],\n",
       "          [ 1.2487e-02, -8.4743e-03, -1.3190e-02,  ..., -1.5716e-03,\n",
       "            1.5962e-03,  2.3731e-03],\n",
       "          [ 1.2486e-02, -8.4731e-03, -1.3190e-02,  ..., -1.5743e-03,\n",
       "            1.5928e-03,  2.3716e-03],\n",
       "          ...,\n",
       "          [ 1.2487e-02, -8.4749e-03, -1.3190e-02,  ..., -1.5705e-03,\n",
       "            1.5977e-03,  2.3737e-03],\n",
       "          [ 1.2488e-02, -8.4763e-03, -1.3189e-02,  ..., -1.5674e-03,\n",
       "            1.6018e-03,  2.3754e-03],\n",
       "          [ 1.2489e-02, -8.4779e-03, -1.3189e-02,  ..., -1.5640e-03,\n",
       "            1.6062e-03,  2.3773e-03]],\n",
       " \n",
       "         [[ 8.2784e-03, -8.4138e-03, -1.0791e-02,  ..., -1.4240e-03,\n",
       "           -2.7969e-03, -6.5032e-03],\n",
       "          [ 8.2782e-03, -8.4083e-03, -1.0789e-02,  ..., -1.4165e-03,\n",
       "           -2.7938e-03, -6.5116e-03],\n",
       "          [ 8.2779e-03, -8.4035e-03, -1.0787e-02,  ..., -1.4098e-03,\n",
       "           -2.7910e-03, -6.5191e-03],\n",
       "          ...,\n",
       "          [ 8.2783e-03, -8.4104e-03, -1.0790e-02,  ..., -1.4194e-03,\n",
       "           -2.7950e-03, -6.5084e-03],\n",
       "          [ 8.2786e-03, -8.4162e-03, -1.0792e-02,  ..., -1.4272e-03,\n",
       "           -2.7982e-03, -6.4996e-03],\n",
       "          [ 8.2788e-03, -8.4225e-03, -1.0794e-02,  ..., -1.4358e-03,\n",
       "           -2.8018e-03, -6.4900e-03]],\n",
       " \n",
       "         [[ 7.9410e-03, -1.0682e-02, -9.3850e-03,  ..., -2.5931e-03,\n",
       "           -5.6874e-05,  1.3291e-02],\n",
       "          [ 7.9414e-03, -1.0664e-02, -9.3791e-03,  ..., -2.5879e-03,\n",
       "           -7.5736e-05,  1.3302e-02],\n",
       "          [ 7.9418e-03, -1.0648e-02, -9.3739e-03,  ..., -2.5832e-03,\n",
       "           -9.2646e-05,  1.3311e-02],\n",
       "          ...,\n",
       "          [ 7.9413e-03, -1.0671e-02, -9.3814e-03,  ..., -2.5899e-03,\n",
       "           -6.8390e-05,  1.3298e-02],\n",
       "          [ 7.9408e-03, -1.0690e-02, -9.3874e-03,  ..., -2.5953e-03,\n",
       "           -4.8804e-05,  1.3286e-02],\n",
       "          [ 7.9403e-03, -1.0712e-02, -9.3941e-03,  ..., -2.6012e-03,\n",
       "           -2.7327e-05,  1.3273e-02]]], device='cuda:0'),\n",
       " 'deform_stds': tensor([[[ 9.9487,  9.7931,  9.7964,  ...,  9.6477,  9.6586,  9.6901],\n",
       "          [ 9.9469,  9.7857,  9.7945,  ...,  9.6475,  9.6583,  9.6899],\n",
       "          [ 9.9429,  9.7895,  9.7916,  ...,  9.6474,  9.6579,  9.6896],\n",
       "          ...,\n",
       "          [ 9.9549, 10.0169, 10.0204,  ...,  9.7057,  9.7140,  9.7522],\n",
       "          [ 9.9345,  9.9907,  9.9804,  ...,  9.8851,  9.7932,  9.8430],\n",
       "          [ 9.9847,  9.9556,  9.9618,  ...,  9.8892,  9.8590,  9.8561]],\n",
       " \n",
       "         [[ 9.6821,  9.7276,  9.6566,  ...,  9.6051,  9.5564,  9.7066],\n",
       "          [ 9.6995,  9.7499,  9.6756,  ...,  9.6050,  9.5567,  9.7071],\n",
       "          [ 9.6766,  9.7312,  9.6545,  ...,  9.6049,  9.5570,  9.7074],\n",
       "          ...,\n",
       "          [10.0471, 10.0376,  9.9294,  ...,  9.8418,  9.6517,  9.7427],\n",
       "          [10.1101, 10.0420,  9.9918,  ...,  9.8765,  9.8927,  9.8246],\n",
       "          [10.1285, 10.0293, 10.0764,  ...,  9.9220,  9.9680,  9.9746]],\n",
       " \n",
       "         [[ 9.5850,  9.5982,  9.5780,  ...,  9.5944,  9.6378,  9.6521],\n",
       "          [ 9.5730,  9.5869,  9.5703,  ...,  9.5940,  9.6392,  9.6521],\n",
       "          [ 9.5455,  9.5571,  9.5478,  ...,  9.5939,  9.6402,  9.6520],\n",
       "          ...,\n",
       "          [10.0335, 10.0229,  9.9801,  ...,  9.8518,  9.8445,  9.7577],\n",
       "          [10.0502, 10.0081,  9.9451,  ...,  9.8965,  9.7603,  9.8879],\n",
       "          [10.0434, 10.0090,  9.9715,  ...,  9.9780,  9.8936,  9.9277]],\n",
       " \n",
       "         ...,\n",
       " \n",
       "         [[10.0110, 10.0081, 10.0114,  ...,  9.9877,  9.9902,  9.9924],\n",
       "          [10.0110, 10.0081, 10.0114,  ...,  9.9877,  9.9902,  9.9924],\n",
       "          [10.0110, 10.0081, 10.0114,  ...,  9.9877,  9.9902,  9.9924],\n",
       "          ...,\n",
       "          [10.0110, 10.0081, 10.0114,  ...,  9.9877,  9.9902,  9.9924],\n",
       "          [10.0110, 10.0081, 10.0114,  ...,  9.9877,  9.9902,  9.9924],\n",
       "          [10.0110, 10.0081, 10.0114,  ...,  9.9877,  9.9902,  9.9924]],\n",
       " \n",
       "         [[10.0091, 10.0152, 10.0118,  ...,  9.9869,  9.9897, 10.0001],\n",
       "          [10.0091, 10.0151, 10.0118,  ...,  9.9869,  9.9897, 10.0001],\n",
       "          [10.0091, 10.0151, 10.0118,  ...,  9.9869,  9.9897, 10.0001],\n",
       "          ...,\n",
       "          [10.0091, 10.0152, 10.0118,  ...,  9.9869,  9.9897, 10.0001],\n",
       "          [10.0091, 10.0152, 10.0118,  ...,  9.9870,  9.9897, 10.0001],\n",
       "          [10.0091, 10.0152, 10.0118,  ...,  9.9870,  9.9897, 10.0000]],\n",
       " \n",
       "         [[10.0091, 10.0224, 10.0149,  ...,  9.9883,  9.9840, 10.0093],\n",
       "          [10.0091, 10.0224, 10.0149,  ...,  9.9883,  9.9840, 10.0093],\n",
       "          [10.0091, 10.0224, 10.0149,  ...,  9.9883,  9.9840, 10.0094],\n",
       "          ...,\n",
       "          [10.0091, 10.0224, 10.0149,  ...,  9.9883,  9.9840, 10.0093],\n",
       "          [10.0091, 10.0224, 10.0149,  ...,  9.9883,  9.9840, 10.0093],\n",
       "          [10.0091, 10.0225, 10.0149,  ...,  9.9883,  9.9841, 10.0093]]],\n",
       "        device='cuda:0'),\n",
       " 'deform_biases': tensor([[[-5.1098e-02, -2.0670e-01, -2.0326e-01,  ..., -3.5228e-01,\n",
       "           -3.4137e-01, -3.0990e-01],\n",
       "          [ 4.9469e+00,  4.7858e+00,  4.7946e+00,  ...,  4.6476e+00,\n",
       "            4.6583e+00,  4.6899e+00],\n",
       "          [ 9.9433e+00,  9.7895e+00,  9.7917e+00,  ...,  9.6474e+00,\n",
       "            9.6580e+00,  9.6897e+00],\n",
       "          ...,\n",
       "          [ 8.5018e+01,  8.4995e+01,  8.4999e+01,  ...,  8.5260e+01,\n",
       "            8.5256e+01,  8.5221e+01],\n",
       "          [ 9.0044e+01,  9.0027e+01,  9.0039e+01,  ...,  9.0100e+01,\n",
       "            9.0181e+01,  9.0127e+01],\n",
       "          [ 9.5014e+01,  9.5032e+01,  9.5015e+01,  ...,  9.5074e+01,\n",
       "            9.5098e+01,  9.5110e+01]],\n",
       " \n",
       "         [[-3.1798e-01, -2.7254e-01, -3.4354e-01,  ..., -3.9476e-01,\n",
       "           -4.4360e-01, -2.9346e-01],\n",
       "          [ 4.8313e+00,  4.8733e+00,  4.8108e+00,  ...,  4.6194e+00,\n",
       "            4.5698e+00,  4.7205e+00],\n",
       "          [ 9.9841e+00,  1.0004e+01,  9.9407e+00,  ...,  9.6382e+00,\n",
       "            9.5886e+00,  9.7401e+00],\n",
       "          ...,\n",
       "          [ 8.4916e+01,  8.4940e+01,  8.5096e+01,  ...,  8.5142e+01,\n",
       "            8.5328e+01,  8.5225e+01],\n",
       "          [ 8.9873e+01,  8.9958e+01,  8.9982e+01,  ...,  9.0082e+01,\n",
       "            9.0092e+01,  9.0144e+01],\n",
       "          [ 9.4888e+01,  9.4989e+01,  9.4932e+01,  ...,  9.5074e+01,\n",
       "            9.5027e+01,  9.5024e+01]],\n",
       " \n",
       "         [[-3.7115e-01, -3.6427e-01, -3.8017e-01,  ..., -4.0492e-01,\n",
       "           -3.6220e-01, -3.4779e-01],\n",
       "          [ 4.6819e+00,  4.7144e+00,  4.6994e+00,  ...,  4.6189e+00,\n",
       "            4.6638e+00,  4.6767e+00],\n",
       "          [ 9.8183e+00,  9.8278e+00,  9.8182e+00,  ...,  9.6293e+00,\n",
       "            9.6756e+00,  9.6874e+00],\n",
       "          ...,\n",
       "          [ 8.4961e+01,  8.4985e+01,  8.5040e+01,  ...,  8.5127e+01,\n",
       "            8.5147e+01,  8.5214e+01],\n",
       "          [ 8.9947e+01,  8.9988e+01,  9.0030e+01,  ...,  9.0052e+01,\n",
       "            9.0174e+01,  9.0083e+01],\n",
       "          [ 9.4967e+01,  9.4994e+01,  9.5025e+01,  ...,  9.5008e+01,\n",
       "            9.5055e+01,  9.5040e+01]],\n",
       " \n",
       "         ...,\n",
       " \n",
       "         [[ 1.1023e-02,  8.1200e-03,  1.1408e-02,  ..., -1.2279e-02,\n",
       "           -9.7994e-03, -7.5651e-03],\n",
       "          [ 5.0110e+00,  5.0081e+00,  5.0114e+00,  ...,  4.9877e+00,\n",
       "            4.9902e+00,  4.9924e+00],\n",
       "          [ 1.0011e+01,  1.0008e+01,  1.0011e+01,  ...,  9.9877e+00,\n",
       "            9.9902e+00,  9.9924e+00],\n",
       "          ...,\n",
       "          [ 8.4989e+01,  8.4992e+01,  8.4989e+01,  ...,  8.5012e+01,\n",
       "            8.5010e+01,  8.5008e+01],\n",
       "          [ 8.9989e+01,  8.9992e+01,  8.9989e+01,  ...,  9.0012e+01,\n",
       "            9.0010e+01,  9.0008e+01],\n",
       "          [ 9.4989e+01,  9.4992e+01,  9.4989e+01,  ...,  9.5012e+01,\n",
       "            9.5010e+01,  9.5008e+01]],\n",
       " \n",
       "         [[ 9.1278e-03,  1.5186e-02,  1.1770e-02,  ..., -1.3052e-02,\n",
       "           -1.0295e-02,  5.6979e-05],\n",
       "          [ 5.0091e+00,  5.0152e+00,  5.0118e+00,  ...,  4.9869e+00,\n",
       "            4.9897e+00,  5.0001e+00],\n",
       "          [ 1.0009e+01,  1.0015e+01,  1.0012e+01,  ...,  9.9869e+00,\n",
       "            9.9897e+00,  1.0000e+01],\n",
       "          ...,\n",
       "          [ 8.4991e+01,  8.4985e+01,  8.4988e+01,  ...,  8.5013e+01,\n",
       "            8.5010e+01,  8.5000e+01],\n",
       "          [ 8.9991e+01,  8.9985e+01,  8.9988e+01,  ...,  9.0013e+01,\n",
       "            9.0010e+01,  9.0000e+01],\n",
       "          [ 9.4991e+01,  9.4985e+01,  9.4988e+01,  ...,  9.5013e+01,\n",
       "            9.5010e+01,  9.5000e+01]],\n",
       " \n",
       "         [[ 9.0677e-03,  2.2435e-02,  1.4913e-02,  ..., -1.1706e-02,\n",
       "           -1.5956e-02,  9.3072e-03],\n",
       "          [ 5.0091e+00,  5.0224e+00,  5.0149e+00,  ...,  4.9883e+00,\n",
       "            4.9840e+00,  5.0093e+00],\n",
       "          [ 1.0009e+01,  1.0022e+01,  1.0015e+01,  ...,  9.9883e+00,\n",
       "            9.9840e+00,  1.0009e+01],\n",
       "          ...,\n",
       "          [ 8.4991e+01,  8.4978e+01,  8.4985e+01,  ...,  8.5012e+01,\n",
       "            8.5016e+01,  8.4991e+01],\n",
       "          [ 8.9991e+01,  8.9978e+01,  8.9985e+01,  ...,  9.0012e+01,\n",
       "            9.0016e+01,  8.9991e+01],\n",
       "          [ 9.4991e+01,  9.4977e+01,  9.4985e+01,  ...,  9.5012e+01,\n",
       "            9.5016e+01,  9.4991e+01]]], device='cuda:0'),\n",
       " 'cam_unnorm_rots': tensor([[[ 1.0000e+00,  9.9802e-01,  1.0015e+00,  1.0009e+00,  1.0013e+00,\n",
       "            9.9976e-01,  9.9949e-01,  9.9937e-01,  9.9966e-01,  9.9940e-01,\n",
       "            9.9932e-01,  1.0005e+00,  9.9792e-01,  9.9988e-01,  9.9991e-01,\n",
       "            9.9950e-01,  9.9867e-01,  9.9772e-01,  9.9838e-01,  9.9828e-01,\n",
       "            9.9783e-01,  9.9625e-01,  9.9944e-01,  9.9567e-01,  9.9669e-01,\n",
       "            9.9677e-01,  9.9656e-01,  9.9616e-01,  9.9542e-01,  9.9522e-01,\n",
       "            9.9495e-01,  9.9399e-01,  9.9336e-01,  9.9431e-01,  9.9356e-01,\n",
       "            9.9329e-01,  9.9226e-01,  9.9259e-01,  9.9342e-01,  9.9271e-01,\n",
       "            9.9223e-01,  9.9167e-01,  9.8957e-01,  9.8982e-01,  9.9133e-01],\n",
       "          [ 0.0000e+00, -3.1558e-03, -4.7652e-03, -6.4225e-03, -8.0659e-03,\n",
       "           -9.8342e-03, -1.2236e-02, -1.5147e-02, -1.8376e-02, -2.1941e-02,\n",
       "           -2.5836e-02, -2.9016e-02, -3.3637e-02, -3.7723e-02, -4.0892e-02,\n",
       "           -4.3986e-02, -4.7347e-02, -5.1764e-02, -5.6340e-02, -6.0231e-02,\n",
       "           -6.4327e-02, -6.9886e-02, -7.3323e-02, -7.7741e-02, -8.2462e-02,\n",
       "           -8.6521e-02, -8.9863e-02, -9.2660e-02, -9.5383e-02, -9.8032e-02,\n",
       "           -1.0052e-01, -1.0339e-01, -1.0682e-01, -1.0927e-01, -1.1088e-01,\n",
       "           -1.1224e-01, -1.1394e-01, -1.1508e-01, -1.1533e-01, -1.1452e-01,\n",
       "           -1.1343e-01, -1.1249e-01, -1.1188e-01, -1.1311e-01, -1.1413e-01],\n",
       "          [ 0.0000e+00,  1.0803e-04,  6.1290e-04,  1.8620e-03,  2.6848e-03,\n",
       "            4.1521e-03,  5.9833e-03,  8.5997e-03,  1.0405e-02,  1.1859e-02,\n",
       "            1.3031e-02,  1.1992e-02,  1.0356e-02,  9.5810e-03,  8.3860e-03,\n",
       "            7.5784e-03,  6.9685e-03,  5.5484e-03,  5.3827e-03,  4.9481e-03,\n",
       "            4.0808e-03,  2.2994e-03,  1.9637e-03,  1.9387e-03,  1.4538e-03,\n",
       "           -3.0647e-04, -2.7040e-03, -5.0836e-03, -8.8267e-03, -1.2790e-02,\n",
       "           -1.6989e-02, -2.1484e-02, -2.7481e-02, -3.3004e-02, -3.7868e-02,\n",
       "           -4.0768e-02, -4.3069e-02, -4.6590e-02, -4.8670e-02, -5.0991e-02,\n",
       "           -5.4045e-02, -5.6272e-02, -5.9941e-02, -6.4633e-02, -6.9690e-02],\n",
       "          [ 0.0000e+00,  1.7833e-03,  3.4565e-03,  4.0970e-03,  5.2194e-03,\n",
       "            6.5206e-03,  6.5707e-03,  7.9203e-03,  9.5357e-03,  1.1157e-02,\n",
       "            1.2701e-02,  1.4936e-02,  1.7063e-02,  1.8151e-02,  1.8252e-02,\n",
       "            1.7397e-02,  1.5071e-02,  1.2875e-02,  9.9142e-03,  7.6758e-03,\n",
       "            4.8532e-03,  2.8158e-03, -3.7667e-04, -3.0081e-03, -4.5009e-03,\n",
       "           -4.5811e-03, -4.6401e-03, -4.2371e-03, -3.1586e-03, -2.1079e-03,\n",
       "           -9.3147e-04,  2.2549e-03,  5.9872e-03,  8.3995e-03,  1.0710e-02,\n",
       "            1.0915e-02,  9.8645e-03,  8.3865e-03,  5.8975e-03,  4.0257e-03,\n",
       "            2.1901e-03, -8.0465e-04, -3.2199e-03, -2.4016e-03, -1.3629e-03]]],\n",
       "        device='cuda:0'),\n",
       " 'cam_trans': tensor([[[ 0.0000e+00, -2.6021e-04, -6.9589e-03, -1.3784e-02, -2.2628e-02,\n",
       "           -3.0580e-02, -3.4802e-02, -3.8800e-02, -3.9204e-02, -4.0136e-02,\n",
       "           -4.1489e-02, -4.7465e-02, -5.3398e-02, -5.7154e-02, -5.9256e-02,\n",
       "           -5.7292e-02, -5.4001e-02, -5.2621e-02, -4.8276e-02, -4.4345e-02,\n",
       "           -3.9354e-02, -3.6120e-02, -3.0680e-02, -2.2985e-02, -1.5842e-02,\n",
       "           -9.8431e-03, -5.2627e-03, -1.3153e-03,  1.9837e-03,  5.6222e-03,\n",
       "            8.0320e-03,  7.4281e-03,  7.4765e-03,  9.8471e-03,  1.3381e-02,\n",
       "            2.2185e-02,  3.1389e-02,  3.8769e-02,  4.7997e-02,  5.6650e-02,\n",
       "            6.3485e-02,  7.3403e-02,  8.0507e-02,  8.7547e-02,  9.2652e-02],\n",
       "          [ 0.0000e+00, -2.5255e-03, -7.5934e-03, -1.2764e-02, -1.7504e-02,\n",
       "           -2.1569e-02, -2.8079e-02, -3.4403e-02, -3.9455e-02, -4.3840e-02,\n",
       "           -4.7701e-02, -5.2405e-02, -5.3232e-02, -5.4878e-02, -5.8460e-02,\n",
       "           -6.3515e-02, -6.8332e-02, -7.0900e-02, -7.3709e-02, -7.6108e-02,\n",
       "           -7.8417e-02, -7.7829e-02, -8.2359e-02, -8.3030e-02, -8.2574e-02,\n",
       "           -8.1757e-02, -8.0432e-02, -7.8445e-02, -7.6071e-02, -7.2878e-02,\n",
       "           -6.9558e-02, -6.4493e-02, -5.7362e-02, -5.1834e-02, -4.7488e-02,\n",
       "           -4.3159e-02, -3.9473e-02, -3.8253e-02, -3.8335e-02, -4.0283e-02,\n",
       "           -4.2216e-02, -4.3202e-02, -4.1880e-02, -3.6577e-02, -3.1214e-02],\n",
       "          [ 0.0000e+00,  3.8165e-03,  6.5124e-03,  8.8265e-03,  1.5970e-02,\n",
       "            2.4788e-02,  3.1198e-02,  4.1156e-02,  5.5548e-02,  7.0938e-02,\n",
       "            8.7442e-02,  1.0722e-01,  1.2545e-01,  1.4350e-01,  1.6071e-01,\n",
       "            1.7834e-01,  1.9609e-01,  2.1319e-01,  2.2658e-01,  2.3877e-01,\n",
       "            2.5180e-01,  2.6140e-01,  2.7036e-01,  2.7695e-01,  2.7936e-01,\n",
       "            2.8426e-01,  2.9215e-01,  3.0215e-01,  3.1278e-01,  3.2231e-01,\n",
       "            3.2910e-01,  3.3020e-01,  3.2791e-01,  3.2850e-01,  3.3155e-01,\n",
       "            3.3347e-01,  3.3522e-01,  3.4154e-01,  3.4787e-01,  3.5470e-01,\n",
       "            3.5927e-01,  3.6117e-01,  3.6462e-01,  3.6944e-01,  3.7289e-01]]],\n",
       "        device='cuda:0'),\n",
       " 'timestep': tensor([ 0.,  0.,  0.,  ..., 43., 43., 43.], device='cuda:0'),\n",
       " 'intrinsics': tensor([[199.6883,   0.0000, 166.3290],\n",
       "         [  0.0000, 249.4753, 170.4058],\n",
       "         [  0.0000,   0.0000,   1.0000]], device='cuda:0'),\n",
       " 'w2c': tensor([[ 1.0000e+00,  6.5711e-11,  2.3283e-10,  0.0000e+00],\n",
       "         [-3.1832e-11,  1.0000e+00, -7.4115e-21,  0.0000e+00],\n",
       "         [-9.2644e-22,  2.9104e-11,  1.0000e+00,  0.0000e+00],\n",
       "         [ 0.0000e+00,  0.0000e+00,  0.0000e+00,  1.0000e+00]], device='cuda:0'),\n",
       " 'org_width': tensor(336, device='cuda:0'),\n",
       " 'org_height': tensor(336, device='cuda:0'),\n",
       " 'gt_w2c_all_frames': tensor([[[ 1.0000e+00,  6.5711e-11,  2.3283e-10,  0.0000e+00],\n",
       "          [-3.1832e-11,  1.0000e+00, -7.4115e-21,  0.0000e+00],\n",
       "          [-9.2644e-22,  2.9104e-11,  1.0000e+00,  0.0000e+00],\n",
       "          [ 0.0000e+00,  0.0000e+00,  0.0000e+00,  1.0000e+00]],\n",
       " \n",
       "         [[ 1.0000e+00,  5.4352e-04,  1.6511e-03,  0.0000e+00],\n",
       "          [-5.4258e-04,  1.0000e+00, -6.1650e-04,  0.0000e+00],\n",
       "          [-1.6513e-03,  6.1557e-04,  1.0000e+00,  0.0000e+00],\n",
       "          [ 0.0000e+00,  0.0000e+00,  0.0000e+00,  1.0000e+00]],\n",
       " \n",
       "         [[ 9.9999e-01,  1.2883e-03,  3.3797e-03,  0.0000e+00],\n",
       "          [-1.2841e-03,  1.0000e+00, -1.3645e-03,  0.0000e+00],\n",
       "          [-3.3814e-03,  1.3601e-03,  9.9999e-01,  0.0000e+00],\n",
       "          [ 0.0000e+00,  0.0000e+00,  0.0000e+00,  1.0000e+00]],\n",
       " \n",
       "         [[ 9.9999e-01,  2.0420e-03,  5.0066e-03,  0.0000e+00],\n",
       "          [-2.0310e-03,  1.0000e+00, -2.1842e-03,  0.0000e+00],\n",
       "          [-5.0111e-03,  2.1740e-03,  9.9999e-01,  0.0000e+00],\n",
       "          [ 0.0000e+00,  0.0000e+00,  0.0000e+00,  1.0000e+00]],\n",
       " \n",
       "         [[ 9.9998e-01,  2.7118e-03,  6.4249e-03,  0.0000e+00],\n",
       "          [-2.6920e-03,  9.9999e-01, -3.0609e-03,  0.0000e+00],\n",
       "          [-6.4333e-03,  3.0437e-03,  9.9997e-01,  0.0000e+00],\n",
       "          [ 0.0000e+00,  0.0000e+00,  0.0000e+00,  1.0000e+00]],\n",
       " \n",
       "         [[ 9.9996e-01,  4.0396e-03,  7.6817e-03,  0.0000e+00],\n",
       "          [-4.0089e-03,  9.9998e-01, -3.9938e-03,  0.0000e+00],\n",
       "          [-7.6978e-03,  3.9630e-03,  9.9996e-01,  0.0000e+00],\n",
       "          [ 0.0000e+00,  0.0000e+00,  0.0000e+00,  1.0000e+00]],\n",
       " \n",
       "         [[ 9.9995e-01,  4.9619e-03,  8.4275e-03,  0.0000e+00],\n",
       "          [-4.9230e-03,  9.9998e-01, -4.6569e-03,  0.0000e+00],\n",
       "          [-8.4504e-03,  4.6153e-03,  9.9995e-01,  0.0000e+00],\n",
       "          [ 0.0000e+00,  0.0000e+00,  0.0000e+00,  1.0000e+00]],\n",
       " \n",
       "         [[ 9.9992e-01,  8.8014e-03,  9.2989e-03,  0.0000e+00],\n",
       "          [-8.7394e-03,  9.9994e-01, -6.6657e-03,  0.0000e+00],\n",
       "          [-9.3570e-03,  6.5838e-03,  9.9993e-01,  0.0000e+00],\n",
       "          [ 0.0000e+00,  0.0000e+00,  0.0000e+00,  1.0000e+00]],\n",
       " \n",
       "         [[ 9.9989e-01,  1.2080e-02,  9.1603e-03,  0.0000e+00],\n",
       "          [-1.2006e-02,  9.9990e-01, -8.0083e-03,  0.0000e+00],\n",
       "          [-9.2561e-03,  7.8974e-03,  9.9993e-01,  0.0000e+00],\n",
       "          [ 0.0000e+00,  0.0000e+00,  0.0000e+00,  1.0000e+00]],\n",
       " \n",
       "         [[ 9.9984e-01,  1.5823e-02,  8.6621e-03,  0.0000e+00],\n",
       "          [-1.5740e-02,  9.9983e-01, -9.5239e-03,  0.0000e+00],\n",
       "          [-8.8113e-03,  9.3859e-03,  9.9992e-01,  0.0000e+00],\n",
       "          [ 0.0000e+00,  0.0000e+00,  0.0000e+00,  1.0000e+00]],\n",
       " \n",
       "         [[ 9.9981e-01,  1.7941e-02,  7.8303e-03,  0.0000e+00],\n",
       "          [-1.7853e-02,  9.9978e-01, -1.1202e-02,  0.0000e+00],\n",
       "          [-8.0296e-03,  1.1060e-02,  9.9991e-01,  0.0000e+00],\n",
       "          [ 0.0000e+00,  0.0000e+00,  0.0000e+00,  1.0000e+00]],\n",
       " \n",
       "         [[ 9.9977e-01,  2.0247e-02,  6.7153e-03,  0.0000e+00],\n",
       "          [-2.0160e-02,  9.9971e-01, -1.2969e-02,  0.0000e+00],\n",
       "          [-6.9760e-03,  1.2831e-02,  9.9989e-01,  0.0000e+00],\n",
       "          [ 0.0000e+00,  0.0000e+00,  0.0000e+00,  1.0000e+00]],\n",
       " \n",
       "         [[ 9.9974e-01,  2.2181e-02,  5.3811e-03,  0.0000e+00],\n",
       "          [-2.2100e-02,  9.9965e-01, -1.4861e-02,  0.0000e+00],\n",
       "          [-5.7089e-03,  1.4738e-02,  9.9988e-01,  0.0000e+00],\n",
       "          [ 0.0000e+00,  0.0000e+00,  0.0000e+00,  1.0000e+00]],\n",
       " \n",
       "         [[ 9.9974e-01,  2.2523e-02,  3.8545e-03,  0.0000e+00],\n",
       "          [-2.2456e-02,  9.9961e-01, -1.6651e-02,  0.0000e+00],\n",
       "          [-4.2281e-03,  1.6560e-02,  9.9985e-01,  0.0000e+00],\n",
       "          [ 0.0000e+00,  0.0000e+00,  0.0000e+00,  1.0000e+00]],\n",
       " \n",
       "         [[ 9.9980e-01,  1.9944e-02, -2.2443e-04,  0.0000e+00],\n",
       "          [-1.9944e-02,  9.9962e-01, -1.9069e-02,  0.0000e+00],\n",
       "          [-1.5611e-04,  1.9070e-02,  9.9982e-01,  0.0000e+00],\n",
       "          [ 0.0000e+00,  0.0000e+00,  0.0000e+00,  1.0000e+00]],\n",
       " \n",
       "         [[ 9.9983e-01,  1.8161e-02, -2.1840e-03,  0.0000e+00],\n",
       "          [-1.8201e-02,  9.9964e-01, -1.9884e-02,  0.0000e+00],\n",
       "          [ 1.8221e-03,  1.9920e-02,  9.9980e-01,  0.0000e+00],\n",
       "          [ 0.0000e+00,  0.0000e+00,  0.0000e+00,  1.0000e+00]],\n",
       " \n",
       "         [[ 9.9982e-01,  1.8787e-02, -4.0539e-03,  0.0000e+00],\n",
       "          [-1.8860e-02,  9.9964e-01, -1.9031e-02,  0.0000e+00],\n",
       "          [ 3.6948e-03,  1.9103e-02,  9.9981e-01,  0.0000e+00],\n",
       "          [ 0.0000e+00,  0.0000e+00,  0.0000e+00,  1.0000e+00]],\n",
       " \n",
       "         [[ 9.9981e-01,  1.7842e-02, -7.4379e-03,  0.0000e+00],\n",
       "          [-1.7969e-02,  9.9969e-01, -1.7308e-02,  0.0000e+00],\n",
       "          [ 7.1267e-03,  1.7438e-02,  9.9982e-01,  0.0000e+00],\n",
       "          [ 0.0000e+00,  0.0000e+00,  0.0000e+00,  1.0000e+00]],\n",
       " \n",
       "         [[ 9.9983e-01,  1.5902e-02, -9.8152e-03,  0.0000e+00],\n",
       "          [-1.6058e-02,  9.9974e-01, -1.6119e-02,  0.0000e+00],\n",
       "          [ 9.5560e-03,  1.6273e-02,  9.9982e-01,  0.0000e+00],\n",
       "          [ 0.0000e+00,  0.0000e+00,  0.0000e+00,  1.0000e+00]],\n",
       " \n",
       "         [[ 9.9984e-01,  1.3123e-02, -1.2369e-02,  0.0000e+00],\n",
       "          [-1.3308e-02,  9.9980e-01, -1.5023e-02,  0.0000e+00],\n",
       "          [ 1.2169e-02,  1.5185e-02,  9.9981e-01,  0.0000e+00],\n",
       "          [ 0.0000e+00,  0.0000e+00,  0.0000e+00,  1.0000e+00]],\n",
       " \n",
       "         [[ 9.9983e-01,  1.0092e-02, -1.5229e-02,  0.0000e+00],\n",
       "          [-1.0302e-02,  9.9985e-01, -1.3780e-02,  0.0000e+00],\n",
       "          [ 1.5087e-02,  1.3934e-02,  9.9979e-01,  0.0000e+00],\n",
       "          [ 0.0000e+00,  0.0000e+00,  0.0000e+00,  1.0000e+00]],\n",
       " \n",
       "         [[ 9.9977e-01,  2.1768e-03, -2.1498e-02,  0.0000e+00],\n",
       "          [-2.4033e-03,  9.9994e-01, -1.0519e-02,  0.0000e+00],\n",
       "          [ 2.1474e-02,  1.0568e-02,  9.9971e-01,  0.0000e+00],\n",
       "          [ 0.0000e+00,  0.0000e+00,  0.0000e+00,  1.0000e+00]],\n",
       " \n",
       "         [[ 9.9973e-01, -1.2461e-03, -2.3108e-02,  0.0000e+00],\n",
       "          [ 1.0250e-03,  9.9995e-01, -9.5790e-03,  0.0000e+00],\n",
       "          [ 2.3119e-02,  9.5525e-03,  9.9969e-01,  0.0000e+00],\n",
       "          [ 0.0000e+00,  0.0000e+00,  0.0000e+00,  1.0000e+00]],\n",
       " \n",
       "         [[ 9.9968e-01, -4.2685e-03, -2.4747e-02,  0.0000e+00],\n",
       "          [ 4.0580e-03,  9.9996e-01, -8.5495e-03,  0.0000e+00],\n",
       "          [ 2.4783e-02,  8.4461e-03,  9.9966e-01,  0.0000e+00],\n",
       "          [ 0.0000e+00,  0.0000e+00,  0.0000e+00,  1.0000e+00]],\n",
       " \n",
       "         [[ 9.9956e-01, -9.2806e-03, -2.8044e-02,  0.0000e+00],\n",
       "          [ 9.1088e-03,  9.9994e-01, -6.2483e-03,  0.0000e+00],\n",
       "          [ 2.8100e-02,  5.9898e-03,  9.9959e-01,  0.0000e+00],\n",
       "          [ 0.0000e+00,  0.0000e+00,  0.0000e+00,  1.0000e+00]],\n",
       " \n",
       "         [[ 9.9949e-01, -1.2088e-02, -2.9608e-02,  0.0000e+00],\n",
       "          [ 1.1941e-02,  9.9992e-01, -5.1185e-03,  0.0000e+00],\n",
       "          [ 2.9667e-02,  4.7620e-03,  9.9955e-01,  0.0000e+00],\n",
       "          [ 0.0000e+00,  0.0000e+00,  0.0000e+00,  1.0000e+00]],\n",
       " \n",
       "         [[ 9.9941e-01, -1.4583e-02, -3.1110e-02,  0.0000e+00],\n",
       "          [ 1.4465e-02,  9.9989e-01, -3.9821e-03,  0.0000e+00],\n",
       "          [ 3.1164e-02,  3.5294e-03,  9.9951e-01,  0.0000e+00],\n",
       "          [ 0.0000e+00,  0.0000e+00,  0.0000e+00,  1.0000e+00]],\n",
       " \n",
       "         [[ 9.9927e-01, -1.7918e-02, -3.3808e-02,  0.0000e+00],\n",
       "          [ 1.7869e-02,  9.9984e-01, -1.7712e-03,  0.0000e+00],\n",
       "          [ 3.3834e-02,  1.1656e-03,  9.9943e-01,  0.0000e+00],\n",
       "          [ 0.0000e+00,  0.0000e+00,  0.0000e+00,  1.0000e+00]],\n",
       " \n",
       "         [[ 9.9904e-01, -2.2405e-02, -3.7776e-02,  0.0000e+00],\n",
       "          [ 2.2512e-02,  9.9974e-01,  2.4131e-03,  0.0000e+00],\n",
       "          [ 3.7712e-02, -3.2614e-03,  9.9928e-01,  0.0000e+00],\n",
       "          [ 0.0000e+00,  0.0000e+00,  0.0000e+00,  1.0000e+00]],\n",
       " \n",
       "         [[ 9.9898e-01, -2.2912e-02, -3.8883e-02,  0.0000e+00],\n",
       "          [ 2.3094e-02,  9.9972e-01,  4.2376e-03,  0.0000e+00],\n",
       "          [ 3.8775e-02, -5.1315e-03,  9.9923e-01,  0.0000e+00],\n",
       "          [ 0.0000e+00,  0.0000e+00,  0.0000e+00,  1.0000e+00]],\n",
       " \n",
       "         [[ 9.9895e-01, -2.3219e-02, -3.9443e-02,  0.0000e+00],\n",
       "          [ 2.3462e-02,  9.9971e-01,  5.7233e-03,  0.0000e+00],\n",
       "          [ 3.9299e-02, -6.6429e-03,  9.9921e-01,  0.0000e+00],\n",
       "          [ 0.0000e+00,  0.0000e+00,  0.0000e+00,  1.0000e+00]],\n",
       " \n",
       "         [[ 9.9895e-01, -2.3130e-02, -3.9549e-02,  0.0000e+00],\n",
       "          [ 2.3427e-02,  9.9970e-01,  7.0651e-03,  0.0000e+00],\n",
       "          [ 3.9374e-02, -7.9845e-03,  9.9919e-01,  0.0000e+00],\n",
       "          [ 0.0000e+00,  0.0000e+00,  0.0000e+00,  1.0000e+00]],\n",
       " \n",
       "         [[ 9.9899e-01, -2.2141e-02, -3.9087e-02,  0.0000e+00],\n",
       "          [ 2.2505e-02,  9.9971e-01,  8.8981e-03,  0.0000e+00],\n",
       "          [ 3.8878e-02, -9.7689e-03,  9.9920e-01,  0.0000e+00],\n",
       "          [ 0.0000e+00,  0.0000e+00,  0.0000e+00,  1.0000e+00]],\n",
       " \n",
       "         [[ 9.9899e-01, -2.3870e-02, -3.8031e-02,  0.0000e+00],\n",
       "          [ 2.4308e-02,  9.9964e-01,  1.1106e-02,  0.0000e+00],\n",
       "          [ 3.7752e-02, -1.2019e-02,  9.9921e-01,  0.0000e+00],\n",
       "          [ 0.0000e+00,  0.0000e+00,  0.0000e+00,  1.0000e+00]],\n",
       " \n",
       "         [[ 9.9894e-01, -2.7275e-02, -3.7128e-02,  0.0000e+00],\n",
       "          [ 2.7750e-02,  9.9954e-01,  1.2346e-02,  0.0000e+00],\n",
       "          [ 3.6774e-02, -1.3364e-02,  9.9923e-01,  0.0000e+00],\n",
       "          [ 0.0000e+00,  0.0000e+00,  0.0000e+00,  1.0000e+00]],\n",
       " \n",
       "         [[ 9.9874e-01, -3.6760e-02, -3.4301e-02,  0.0000e+00],\n",
       "          [ 3.7270e-02,  9.9920e-01,  1.4347e-02,  0.0000e+00],\n",
       "          [ 3.3746e-02, -1.5607e-02,  9.9931e-01,  0.0000e+00],\n",
       "          [ 0.0000e+00,  0.0000e+00,  0.0000e+00,  1.0000e+00]],\n",
       " \n",
       "         [[ 9.9865e-01, -4.0827e-02, -3.2065e-02,  0.0000e+00],\n",
       "          [ 4.1327e-02,  9.9903e-01,  1.5087e-02,  0.0000e+00],\n",
       "          [ 3.1418e-02, -1.6392e-02,  9.9937e-01,  0.0000e+00],\n",
       "          [ 0.0000e+00,  0.0000e+00,  0.0000e+00,  1.0000e+00]],\n",
       " \n",
       "         [[ 9.9865e-01, -4.2836e-02, -2.9355e-02,  0.0000e+00],\n",
       "          [ 4.3309e-02,  9.9894e-01,  1.5700e-02,  0.0000e+00],\n",
       "          [ 2.8651e-02, -1.6950e-02,  9.9945e-01,  0.0000e+00],\n",
       "          [ 0.0000e+00,  0.0000e+00,  0.0000e+00,  1.0000e+00]],\n",
       " \n",
       "         [[ 9.9874e-01, -4.2750e-02, -2.6177e-02,  0.0000e+00],\n",
       "          [ 4.3186e-02,  9.9893e-01,  1.6323e-02,  0.0000e+00],\n",
       "          [ 2.5451e-02, -1.7433e-02,  9.9952e-01,  0.0000e+00],\n",
       "          [ 0.0000e+00,  0.0000e+00,  0.0000e+00,  1.0000e+00]],\n",
       " \n",
       "         [[ 9.9893e-01, -4.0513e-02, -2.2398e-02,  0.0000e+00],\n",
       "          [ 4.0900e-02,  9.9902e-01,  1.7087e-02,  0.0000e+00],\n",
       "          [ 2.1684e-02, -1.7985e-02,  9.9960e-01,  0.0000e+00],\n",
       "          [ 0.0000e+00,  0.0000e+00,  0.0000e+00,  1.0000e+00]],\n",
       " \n",
       "         [[ 9.9912e-01, -3.7739e-02, -1.8044e-02,  0.0000e+00],\n",
       "          [ 3.8060e-02,  9.9912e-01,  1.7778e-02,  0.0000e+00],\n",
       "          [ 1.7357e-02, -1.8449e-02,  9.9968e-01,  0.0000e+00],\n",
       "          [ 0.0000e+00,  0.0000e+00,  0.0000e+00,  1.0000e+00]],\n",
       " \n",
       "         [[ 9.9931e-01, -3.4580e-02, -1.3216e-02,  0.0000e+00],\n",
       "          [ 3.4819e-02,  9.9923e-01,  1.8365e-02,  0.0000e+00],\n",
       "          [ 1.2571e-02, -1.8812e-02,  9.9974e-01,  0.0000e+00],\n",
       "          [ 0.0000e+00,  0.0000e+00,  0.0000e+00,  1.0000e+00]],\n",
       " \n",
       "         [[ 9.9947e-01, -3.1400e-02, -8.0664e-03,  0.0000e+00],\n",
       "          [ 3.1546e-02,  9.9932e-01,  1.8859e-02,  0.0000e+00],\n",
       "          [ 7.4690e-03, -1.9104e-02,  9.9979e-01,  0.0000e+00],\n",
       "          [ 0.0000e+00,  0.0000e+00,  0.0000e+00,  1.0000e+00]],\n",
       " \n",
       "         [[ 9.9959e-01, -2.8563e-02, -2.7188e-03,  0.0000e+00],\n",
       "          [ 2.8609e-02,  9.9941e-01,  1.9129e-02,  0.0000e+00],\n",
       "          [ 2.1710e-03, -1.9199e-02,  9.9981e-01,  0.0000e+00],\n",
       "          [ 0.0000e+00,  0.0000e+00,  0.0000e+00,  1.0000e+00]],\n",
       " \n",
       "         [[ 9.9962e-01, -2.7451e-02, -2.3318e-05,  0.0000e+00],\n",
       "          [ 2.7447e-02,  9.9944e-01,  1.9231e-02,  0.0000e+00],\n",
       "          [-5.0445e-04, -1.9224e-02,  9.9981e-01,  0.0000e+00],\n",
       "          [ 0.0000e+00,  0.0000e+00,  0.0000e+00,  1.0000e+00]]],\n",
       "        device='cuda:0'),\n",
       " 'keyframe_time_indices': tensor([ 0,  7, 15, 23, 31, 39, 43], device='cuda:0')}"
      ]
     },
     "execution_count": 21,
     "metadata": {},
     "output_type": "execute_result"
    }
   ],
   "source": [
    "params"
   ]
  },
  {
   "cell_type": "code",
   "execution_count": 22,
   "metadata": {},
   "outputs": [
    {
     "name": "stdout",
     "output_type": "stream",
     "text": [
      "tensor(0.6097, device='cuda:0')\n",
      "tensor([[-0.8762, -0.6363,  1.0221],\n",
      "        [-0.7757, -0.6528,  1.0320],\n",
      "        [-0.8131, -0.6883,  0.9878],\n",
      "        ...,\n",
      "        [ 0.2875,  0.1486,  0.0570],\n",
      "        [ 0.4271,  0.1755,  0.1513],\n",
      "        [ 0.5321,  0.1851,  0.2519]], device='cuda:0')\n",
      "tensor(0.6497, device='cuda:0')\n",
      "tensor([[-0.8793, -0.6341,  1.0240],\n",
      "        [-0.7726, -0.6502,  1.0357],\n",
      "        [-0.8131, -0.6884,  0.9878],\n",
      "        ...,\n",
      "        [ 0.2899,  0.1470,  0.0544],\n",
      "        [ 0.4287,  0.1739,  0.1492],\n",
      "        [ 0.5336,  0.1831,  0.2501]], device='cuda:0')\n",
      "tensor(0.6884, device='cuda:0')\n",
      "tensor([[-0.8822, -0.6319,  1.0258],\n",
      "        [-0.7696, -0.6477,  1.0393],\n",
      "        [-0.8131, -0.6884,  0.9877],\n",
      "        ...,\n",
      "        [ 0.2922,  0.1454,  0.0520],\n",
      "        [ 0.4302,  0.1723,  0.1472],\n",
      "        [ 0.5351,  0.1811,  0.2483]], device='cuda:0')\n",
      "tensor(0.7254, device='cuda:0')\n",
      "tensor([[-0.8851, -0.6299,  1.0275],\n",
      "        [-0.7667, -0.6454,  1.0427],\n",
      "        [-0.8131, -0.6884,  0.9877],\n",
      "        ...,\n",
      "        [ 0.2944,  0.1439,  0.0496],\n",
      "        [ 0.4317,  0.1708,  0.1453],\n",
      "        [ 0.5365,  0.1792,  0.2467]], device='cuda:0')\n",
      "tensor(0.7604, device='cuda:0')\n",
      "tensor([[-0.8877, -0.6279,  1.0291],\n",
      "        [-0.7640, -0.6431,  1.0459],\n",
      "        [-0.8131, -0.6884,  0.9876],\n",
      "        ...,\n",
