{
 "cells": [
  {
   "cell_type": "code",
   "execution_count": 12,
   "metadata": {},
   "outputs": [],
   "source": [
    "import numpy as np\n",
    "from utils.slam_helpers import transform_to_frame,transformed_params2depthplussilhouette,transformed_params2rendervar,transformed_GRNparams2rendervar,transformed_GRNparams2depthplussilhouette\n",
    "from diff_gaussian_rasterization import GaussianRasterizer as Renderer\n",
    "from scripts.main_SurgeSplat import deform_gaussians, setup_camera\n",
    "import torch\n",
    "import os\n",
    "from PIL import Image"
   ]
  },
  {
   "cell_type": "code",
   "execution_count": 13,
   "metadata": {},
   "outputs": [],
   "source": [
    "intrinsics = torch.tensor([[199.6883,   0.0000, 166.3290],\n",
    "        [  0.0000, 249.4753, 170.4058],\n",
    "        [  0.0000,   0.0000,   1.0000]], device='cuda:0')\n",
    "w2c = torch.tensor([[ 1.0000e+00,  6.5711e-11,  2.3283e-10,  0.0000e+00],\n",
    "        [-3.1832e-11,  1.0000e+00, -7.4115e-21,  0.0000e+00],\n",
    "        [-9.2644e-22,  2.9104e-11,  1.0000e+00,  0.0000e+00],\n",
    "        [ 0.0000e+00,  0.0000e+00,  0.0000e+00,  1.0000e+00]], device='cuda:0')\n",
    "\n",
    "cam = setup_camera(336,336, intrinsics.cpu().numpy(), w2c.detach().cpu().numpy(), use_simplification=True)\n",
    "\n",
    "\n"
   ]
  },
  {
   "cell_type": "code",
   "execution_count": 14,
   "metadata": {},
   "outputs": [],
   "source": [
    "params_np = np.load('/media/thesis_ssd/code/EndoGSLAM/EndoGSLAM/experiments/EndoNerf cutting_deform_short_simple/cutting_deform_short_simple/params.npz')\n",
    "params={}\n",
    "for key in params_np.keys():\n",
    "    params[key] = torch.tensor(params_np[key]).cuda()"
   ]
  },
  {
   "cell_type": "code",
   "execution_count": 15,
   "metadata": {},
   "outputs": [
    {
     "data": {
      "text/plain": [
       "{'means3D': tensor([[[-0.8277, -0.8277, -0.8277,  ..., -0.8277, -0.8277, -0.8277],\n",
       "          [-0.6788, -0.6788, -0.6788,  ..., -0.6788, -0.6788, -0.6788],\n",
       "          [ 0.9937,  0.9937,  0.9937,  ...,  0.9937,  0.9937,  0.9937]],\n",
       " \n",
       "         [[-0.8221, -0.8221, -0.8221,  ..., -0.8221, -0.8221, -0.8221],\n",
       "          [-0.6782, -0.6782, -0.6782,  ..., -0.6782, -0.6782, -0.6782],\n",
       "          [ 0.9929,  0.9929,  0.9929,  ...,  0.9929,  0.9929,  0.9929]],\n",
       " \n",
       "         [[-0.8170, -0.8170, -0.8170,  ..., -0.8170, -0.8170, -0.8170],\n",
       "          [-0.6781, -0.6781, -0.6781,  ..., -0.6781, -0.6781, -0.6781],\n",
       "          [ 0.9928,  0.9928,  0.9928,  ...,  0.9928,  0.9928,  0.9928]],\n",
       " \n",
       "         ...,\n",
       " \n",
       "         [[-0.2664, -0.2664, -0.2664,  ..., -0.2664, -0.2664, -0.2664],\n",
       "          [ 0.3438,  0.3438,  0.3438,  ...,  0.3438,  0.3438,  0.3438],\n",
       "          [ 0.5389,  0.5389,  0.5389,  ...,  0.5389,  0.5389,  0.5389]],\n",
       " \n",
       "         [[-0.3470, -0.3470, -0.3470,  ..., -0.3470, -0.3470, -0.3470],\n",
       "          [ 0.3176,  0.3176,  0.3176,  ...,  0.3176,  0.3176,  0.3176],\n",
       "          [ 0.4874,  0.4874,  0.4874,  ...,  0.4874,  0.4874,  0.4874]],\n",
       " \n",
       "         [[-0.3298, -0.3298, -0.3298,  ..., -0.3298, -0.3298, -0.3298],\n",
       "          [ 0.3274,  0.3274,  0.3274,  ...,  0.3274,  0.3274,  0.3274],\n",
       "          [ 0.5030,  0.5030,  0.5030,  ...,  0.5030,  0.5030,  0.5030]]],\n",
       "        device='cuda:0'),\n",
       " 'rgb_colors': tensor([[0.6786, 0.4243, 0.5353],\n",
       "         [0.9061, 0.4596, 0.5139],\n",
       "         [0.7997, 0.4404, 0.5294],\n",
       "         ...,\n",
       "         [0.7212, 0.4577, 0.4007],\n",
       "         [0.3932, 0.1309, 0.0869],\n",
       "         [0.5852, 0.3857, 0.3453]], device='cuda:0'),\n",
       " 'unnorm_rotations': tensor([[[-0.1594, -0.1594, -0.1594,  ..., -0.1594, -0.1594, -0.1594],\n",
       "          [ 0.1604,  0.1604,  0.1604,  ...,  0.1604,  0.1604,  0.1604],\n",
       "          [ 0.0450,  0.0450,  0.0450,  ...,  0.0450,  0.0450,  0.0450],\n",
       "          [-0.1534, -0.1534, -0.1534,  ..., -0.1534, -0.1534, -0.1534]],\n",
       " \n",
       "         [[-0.4229, -0.4229, -0.4229,  ..., -0.4229, -0.4229, -0.4229],\n",
       "          [ 0.4863,  0.4863,  0.4863,  ...,  0.4863,  0.4863,  0.4863],\n",
       "          [ 0.0411,  0.0411,  0.0411,  ...,  0.0411,  0.0411,  0.0411],\n",
       "          [-0.3992, -0.3992, -0.3992,  ..., -0.3992, -0.3992, -0.3992]],\n",
       " \n",
       "         [[-0.5000, -0.5000, -0.5000,  ..., -0.5000, -0.5000, -0.5000],\n",
       "          [ 0.6973,  0.6973,  0.6973,  ...,  0.6973,  0.6973,  0.6973],\n",
       "          [-0.0220, -0.0220, -0.0220,  ..., -0.0220, -0.0220, -0.0220],\n",
       "          [-0.4542, -0.4542, -0.4542,  ..., -0.4542, -0.4542, -0.4542]],\n",
       " \n",
       "         ...,\n",
       " \n",
       "         [[-0.6170, -0.6170, -0.6170,  ..., -0.6170, -0.6170, -0.6170],\n",
       "          [ 0.6822,  0.6822,  0.6822,  ...,  0.6822,  0.6822,  0.6822],\n",
       "          [-0.0564, -0.0564, -0.0564,  ..., -0.0564, -0.0564, -0.0564],\n",
       "          [-0.6904, -0.6904, -0.6904,  ..., -0.6904, -0.6904, -0.6904]],\n",
       " \n",
       "         [[-0.4793, -0.4793, -0.4793,  ..., -0.4793, -0.4793, -0.4793],\n",
       "          [ 0.6141,  0.6141,  0.6141,  ...,  0.6141,  0.6141,  0.6141],\n",
       "          [-0.1218, -0.1218, -0.1218,  ..., -0.1218, -0.1218, -0.1218],\n",
       "          [-0.6590, -0.6590, -0.6590,  ..., -0.6590, -0.6590, -0.6590]],\n",
       " \n",
       "         [[-0.5745, -0.5745, -0.5745,  ..., -0.5745, -0.5745, -0.5745],\n",
       "          [ 0.6892,  0.6892,  0.6892,  ...,  0.6892,  0.6892,  0.6892],\n",
       "          [-0.0415, -0.0415, -0.0415,  ..., -0.0415, -0.0415, -0.0415],\n",
       "          [-0.6812, -0.6812, -0.6812,  ..., -0.6812, -0.6812, -0.6812]]],\n",
       "        device='cuda:0'),\n",
       " 'logit_opacities': tensor([[-0.2392],\n",
       "         [-0.2722],\n",
       "         [-0.2654],\n",
       "         ...,\n",
       "         [ 3.3081],\n",
       "         [ 1.8115],\n",
       "         [ 2.4131]], device='cuda:0'),\n",
       " 'log_scales': tensor([[[ 1.6433e-06,  1.6433e-06,  1.6433e-06,  ...,  1.6433e-06,\n",
       "            1.6433e-06,  1.6433e-06],\n",
       "          [ 6.9993e-07,  6.9993e-07,  6.9993e-07,  ...,  6.9993e-07,\n",
       "            6.9993e-07,  6.9993e-07],\n",
       "          [-1.7578e-06, -1.7578e-06, -1.7578e-06,  ..., -1.7578e-06,\n",
       "           -1.7578e-06, -1.7578e-06]],\n",
       " \n",
       "         [[ 5.5723e-06,  5.5723e-06,  5.5723e-06,  ...,  5.5723e-06,\n",
       "            5.5723e-06,  5.5723e-06],\n",
       "          [-2.9941e-06, -2.9941e-06, -2.9941e-06,  ..., -2.9941e-06,\n",
       "           -2.9941e-06, -2.9941e-06],\n",
       "          [-2.2346e-06, -2.2346e-06, -2.2346e-06,  ..., -2.2346e-06,\n",
       "           -2.2346e-06, -2.2346e-06]],\n",
       " \n",
       "         [[ 7.3468e-06,  7.3468e-06,  7.3468e-06,  ...,  7.3468e-06,\n",
       "            7.3468e-06,  7.3468e-06],\n",
       "          [-6.9695e-07, -6.9695e-07, -6.9695e-07,  ..., -6.9695e-07,\n",
       "           -6.9695e-07, -6.9695e-07],\n",
       "          [-2.0236e-06, -2.0236e-06, -2.0236e-06,  ..., -2.0236e-06,\n",
       "           -2.0236e-06, -2.0236e-06]],\n",
       " \n",
       "         ...,\n",
       " \n",
       "         [[ 3.6528e-06,  3.6528e-06,  3.6528e-06,  ...,  3.6528e-06,\n",
       "            3.6528e-06,  3.6528e-06],\n",
       "          [-1.1248e-07, -1.1248e-07, -1.1248e-07,  ..., -1.1248e-07,\n",
       "           -1.1248e-07, -1.1248e-07],\n",
       "          [-1.2757e-06, -1.2757e-06, -1.2757e-06,  ..., -1.2757e-06,\n",
       "           -1.2757e-06, -1.2757e-06]],\n",
       " \n",
       "         [[ 1.5485e-06,  1.5485e-06,  1.5485e-06,  ...,  1.5485e-06,\n",
       "            1.5485e-06,  1.5485e-06],\n",
       "          [ 3.2020e-07,  3.2020e-07,  3.2020e-07,  ...,  3.2020e-07,\n",
       "            3.2020e-07,  3.2020e-07],\n",
       "          [-1.4822e-06, -1.4822e-06, -1.4822e-06,  ..., -1.4822e-06,\n",
       "           -1.4822e-06, -1.4822e-06]],\n",
       " \n",
       "         [[ 2.8118e-06,  2.8118e-06,  2.8118e-06,  ...,  2.8118e-06,\n",
       "            2.8118e-06,  2.8118e-06],\n",
       "          [ 4.2712e-07,  4.2712e-07,  4.2712e-07,  ...,  4.2712e-07,\n",
       "            4.2712e-07,  4.2712e-07],\n",
       "          [-1.0919e-06, -1.0919e-06, -1.0919e-06,  ..., -1.0919e-06,\n",
       "           -1.0919e-06, -1.0919e-06]]], device='cuda:0'),\n",
       " 'cam_unnorm_rots': tensor([[[ 1.0000e+00,  1.0000e+00,  1.0006e+00,  1.0009e+00,  1.0003e+00,\n",
       "            1.0001e+00,  9.9997e-01,  1.0001e+00,  9.9978e-01,  9.9932e-01,\n",
       "            1.0007e+00,  1.0001e+00,  1.0032e+00,  9.9968e-01,  1.0002e+00,\n",
       "            1.0004e+00,  1.0005e+00,  1.0008e+00,  1.0017e+00,  1.0018e+00,\n",
       "            1.0012e+00,  1.0011e+00,  9.9967e-01,  9.9845e-01,  9.9992e-01,\n",
       "            9.9867e-01,  9.9963e-01,  1.0007e+00,  9.9960e-01,  9.9937e-01,\n",
       "            1.0001e+00,  1.0014e+00,  1.0003e+00,  1.0019e+00,  1.0015e+00,\n",
       "            9.9923e-01,  1.0022e+00,  1.0023e+00,  9.9914e-01,  1.0002e+00,\n",
       "            1.0020e+00,  1.0014e+00,  1.0000e+00,  1.0002e+00,  1.0006e+00],\n",
       "          [ 0.0000e+00, -2.0000e-04,  1.0184e-04,  6.5100e-04,  1.5566e-03,\n",
       "            2.3713e-03,  3.4238e-03,  4.4278e-03,  5.2310e-03,  6.8581e-03,\n",
       "            7.8193e-03,  8.7988e-03,  7.2616e-03,  5.8271e-03,  4.7679e-03,\n",
       "            3.1058e-03,  1.4647e-03,  9.1771e-04,  6.3164e-04,  2.1567e-04,\n",
       "           -9.7118e-04, -1.9327e-03, -2.6906e-03, -1.9260e-03,  1.4298e-03,\n",
       "            4.2238e-03,  7.2279e-03,  9.3440e-03,  1.1641e-02,  1.4341e-02,\n",
       "            1.6668e-02,  1.6679e-02,  1.6069e-02,  1.3383e-02,  1.1063e-02,\n",
       "            9.3058e-03,  6.9885e-03,  3.4831e-03,  1.6223e-04, -3.3502e-03,\n",
       "           -4.9456e-03, -5.0760e-03, -5.1578e-03, -5.0833e-03, -5.2158e-03],\n",
       "          [ 0.0000e+00,  2.0000e-04, -1.4675e-04, -7.1716e-04, -1.2023e-03,\n",
       "           -1.7465e-03, -2.2975e-03, -3.0389e-03, -3.9797e-03, -5.1798e-03,\n",
       "           -5.5592e-03, -5.0406e-03, -2.0357e-03,  1.7850e-03,  6.9158e-03,\n",
       "            1.2055e-02,  1.6780e-02,  2.0402e-02,  2.2010e-02,  2.1361e-02,\n",
       "            1.9633e-02,  1.6874e-02,  1.4299e-02,  1.2476e-02,  1.1612e-02,\n",
       "            1.2204e-02,  1.3026e-02,  1.3034e-02,  1.3215e-02,  1.3787e-02,\n",
       "            1.4048e-02,  1.4620e-02,  1.5826e-02,  1.7673e-02,  1.6716e-02,\n",
       "            1.6197e-02,  1.2656e-02,  8.1636e-03,  4.3379e-03,  7.3836e-04,\n",
       "           -2.2204e-03, -5.1388e-03, -8.4217e-03, -1.1308e-02, -1.3549e-02],\n",
       "          [ 0.0000e+00,  2.0000e-04,  8.1437e-04,  4.1567e-04,  1.5983e-04,\n",
       "           -2.1211e-04,  8.5337e-05,  3.8136e-04,  4.7732e-04,  9.2478e-04,\n",
       "            4.4080e-04, -7.0666e-04, -8.0533e-04, -2.6600e-03, -3.7792e-03,\n",
       "           -4.2179e-03, -3.6461e-03, -4.1191e-03, -5.3531e-03, -6.4260e-03,\n",
       "           -7.5506e-03, -7.7488e-03, -7.7381e-03, -9.8621e-03, -1.0729e-02,\n",
       "           -1.0979e-02, -1.1457e-02, -1.0847e-02, -1.0415e-02, -1.0386e-02,\n",
       "           -9.9983e-03, -9.5108e-03, -8.2667e-03, -6.8193e-03, -6.1016e-03,\n",
       "           -5.9711e-03, -7.2902e-03, -6.1169e-03, -6.4748e-03, -6.6575e-03,\n",
       "           -5.1198e-03, -2.1541e-03, -2.2208e-04,  2.0909e-03,  3.2728e-03]]],\n",
       "        device='cuda:0'),\n",
       " 'cam_trans': tensor([[[ 0.0000e+00,  5.0000e-04, -3.0108e-04,  3.8015e-04,  1.8312e-03,\n",
       "            3.1715e-03,  4.3636e-03,  5.7621e-03,  6.6606e-03,  5.3922e-03,\n",
       "            5.5333e-03,  4.5906e-03, -9.9440e-04, -7.3275e-03, -1.7629e-02,\n",
       "           -2.8957e-02, -3.9237e-02, -4.6422e-02, -4.9176e-02, -4.8509e-02,\n",
       "           -4.5707e-02, -4.4864e-02, -4.3521e-02, -4.0422e-02, -3.9537e-02,\n",
       "           -4.0623e-02, -4.1208e-02, -4.4178e-02, -4.6649e-02, -4.8162e-02,\n",
       "           -5.0588e-02, -5.2742e-02, -5.3942e-02, -5.2774e-02, -4.7805e-02,\n",
       "           -4.1339e-02, -3.6713e-02, -3.0103e-02, -2.3176e-02, -1.5749e-02,\n",
       "           -9.8701e-03, -5.5335e-03, -2.2285e-03,  1.7367e-03,  6.3634e-03],\n",
       "          [ 0.0000e+00,  5.0000e-04, -2.5760e-04,  7.8297e-04,  3.0362e-03,\n",
       "            5.1801e-03,  6.7551e-03,  9.2962e-03,  1.2337e-02,  1.6119e-02,\n",
       "            1.8711e-02,  2.0465e-02,  1.7072e-02,  1.3218e-02,  5.0717e-03,\n",
       "           -7.1749e-04, -7.3337e-03, -1.0580e-02, -1.2489e-02, -1.2978e-02,\n",
       "           -1.3267e-02, -1.4492e-02, -1.6217e-02, -1.6042e-02, -1.3747e-02,\n",
       "           -1.2916e-02, -1.2585e-02, -9.8866e-03, -7.6881e-03, -6.4766e-03,\n",
       "           -4.3372e-03, -4.5687e-03, -3.4655e-03, -3.7728e-03, -4.1128e-03,\n",
       "           -5.9163e-03, -8.3228e-03, -1.0708e-02, -1.6112e-02, -2.2017e-02,\n",
       "           -2.4456e-02, -2.5389e-02, -2.5996e-02, -2.6625e-02, -2.7535e-02],\n",
       "          [ 0.0000e+00,  5.0000e-04,  1.7954e-03,  3.3344e-03,  2.2744e-03,\n",
       "            1.5774e-03,  4.9863e-04,  5.7544e-05,  1.1645e-04,  3.1712e-03,\n",
       "            6.4210e-03,  9.8468e-03,  1.1328e-02,  1.1574e-02,  9.0966e-03,\n",
       "            5.8824e-03,  2.2892e-03, -1.7710e-03, -4.4596e-03, -5.7693e-03,\n",
       "           -3.7389e-03, -2.7035e-03, -1.1681e-03, -1.3469e-03, -4.2122e-03,\n",
       "           -9.8516e-03, -1.4991e-02, -2.0501e-02, -2.5511e-02, -2.9520e-02,\n",
       "           -3.2540e-02, -3.2987e-02, -3.1089e-02, -2.4535e-02, -1.9824e-02,\n",
       "           -1.4119e-02, -1.0740e-02, -6.7790e-03, -5.2806e-03, -3.2822e-03,\n",
       "           -3.4619e-03, -5.3008e-03, -6.8320e-03, -7.3024e-03, -8.0687e-03]]],\n",
       "        device='cuda:0'),\n",
       " 'timestep': tensor([ 0.,  0.,  0.,  ..., 44., 44., 44.], device='cuda:0'),\n",
       " 'intrinsics': tensor([[199.6883,   0.0000, 166.3290],\n",
       "         [  0.0000, 249.4753, 170.4058],\n",
       "         [  0.0000,   0.0000,   1.0000]], device='cuda:0'),\n",
       " 'w2c': tensor([[ 1.0000e+00,  6.5711e-11,  2.3283e-10,  0.0000e+00],\n",
       "         [-3.1832e-11,  1.0000e+00, -7.4115e-21,  0.0000e+00],\n",
       "         [-9.2644e-22,  2.9104e-11,  1.0000e+00,  0.0000e+00],\n",
       "         [ 0.0000e+00,  0.0000e+00,  0.0000e+00,  1.0000e+00]], device='cuda:0'),\n",
       " 'org_width': tensor(336, device='cuda:0'),\n",
       " 'org_height': tensor(336, device='cuda:0'),\n",
       " 'gt_w2c_all_frames': tensor([[[ 1.0000e+00,  6.5711e-11,  2.3283e-10,  0.0000e+00],\n",
       "          [-3.1832e-11,  1.0000e+00, -7.4115e-21,  0.0000e+00],\n",
       "          [-9.2644e-22,  2.9104e-11,  1.0000e+00,  0.0000e+00],\n",
       "          [ 0.0000e+00,  0.0000e+00,  0.0000e+00,  1.0000e+00]],\n",
       " \n",
       "         [[ 1.0000e+00,  5.4352e-04,  1.6511e-03,  0.0000e+00],\n",
       "          [-5.4258e-04,  1.0000e+00, -6.1650e-04,  0.0000e+00],\n",
       "          [-1.6513e-03,  6.1557e-04,  1.0000e+00,  0.0000e+00],\n",
       "          [ 0.0000e+00,  0.0000e+00,  0.0000e+00,  1.0000e+00]],\n",
       " \n",
       "         [[ 9.9999e-01,  1.2883e-03,  3.3797e-03,  0.0000e+00],\n",
       "          [-1.2841e-03,  1.0000e+00, -1.3645e-03,  0.0000e+00],\n",
       "          [-3.3814e-03,  1.3601e-03,  9.9999e-01,  0.0000e+00],\n",
       "          [ 0.0000e+00,  0.0000e+00,  0.0000e+00,  1.0000e+00]],\n",
       " \n",
       "         [[ 9.9999e-01,  2.0420e-03,  5.0066e-03,  0.0000e+00],\n",
       "          [-2.0310e-03,  1.0000e+00, -2.1842e-03,  0.0000e+00],\n",
       "          [-5.0111e-03,  2.1740e-03,  9.9999e-01,  0.0000e+00],\n",
       "          [ 0.0000e+00,  0.0000e+00,  0.0000e+00,  1.0000e+00]],\n",
       " \n",
       "         [[ 9.9998e-01,  2.7118e-03,  6.4249e-03,  0.0000e+00],\n",
       "          [-2.6920e-03,  9.9999e-01, -3.0609e-03,  0.0000e+00],\n",
       "          [-6.4333e-03,  3.0437e-03,  9.9997e-01,  0.0000e+00],\n",
       "          [ 0.0000e+00,  0.0000e+00,  0.0000e+00,  1.0000e+00]],\n",
       " \n",
       "         [[ 9.9996e-01,  4.0396e-03,  7.6817e-03,  0.0000e+00],\n",
       "          [-4.0089e-03,  9.9998e-01, -3.9938e-03,  0.0000e+00],\n",
       "          [-7.6978e-03,  3.9630e-03,  9.9996e-01,  0.0000e+00],\n",
       "          [ 0.0000e+00,  0.0000e+00,  0.0000e+00,  1.0000e+00]],\n",
       " \n",
       "         [[ 9.9995e-01,  4.9619e-03,  8.4275e-03,  0.0000e+00],\n",
       "          [-4.9230e-03,  9.9998e-01, -4.6569e-03,  0.0000e+00],\n",
       "          [-8.4504e-03,  4.6153e-03,  9.9995e-01,  0.0000e+00],\n",
       "          [ 0.0000e+00,  0.0000e+00,  0.0000e+00,  1.0000e+00]],\n",
       " \n",
       "         [[ 9.9992e-01,  8.8014e-03,  9.2989e-03,  0.0000e+00],\n",
       "          [-8.7394e-03,  9.9994e-01, -6.6657e-03,  0.0000e+00],\n",
       "          [-9.3570e-03,  6.5838e-03,  9.9993e-01,  0.0000e+00],\n",
       "          [ 0.0000e+00,  0.0000e+00,  0.0000e+00,  1.0000e+00]],\n",
       " \n",
       "         [[ 9.9989e-01,  1.2080e-02,  9.1603e-03,  0.0000e+00],\n",
       "          [-1.2006e-02,  9.9990e-01, -8.0083e-03,  0.0000e+00],\n",
       "          [-9.2561e-03,  7.8974e-03,  9.9993e-01,  0.0000e+00],\n",
       "          [ 0.0000e+00,  0.0000e+00,  0.0000e+00,  1.0000e+00]],\n",
       " \n",
       "         [[ 9.9984e-01,  1.5823e-02,  8.6621e-03,  0.0000e+00],\n",
       "          [-1.5740e-02,  9.9983e-01, -9.5239e-03,  0.0000e+00],\n",
       "          [-8.8113e-03,  9.3859e-03,  9.9992e-01,  0.0000e+00],\n",
       "          [ 0.0000e+00,  0.0000e+00,  0.0000e+00,  1.0000e+00]],\n",
       " \n",
       "         [[ 9.9981e-01,  1.7941e-02,  7.8303e-03,  0.0000e+00],\n",
       "          [-1.7853e-02,  9.9978e-01, -1.1202e-02,  0.0000e+00],\n",
       "          [-8.0296e-03,  1.1060e-02,  9.9991e-01,  0.0000e+00],\n",
       "          [ 0.0000e+00,  0.0000e+00,  0.0000e+00,  1.0000e+00]],\n",
       " \n",
       "         [[ 9.9977e-01,  2.0247e-02,  6.7153e-03,  0.0000e+00],\n",
       "          [-2.0160e-02,  9.9971e-01, -1.2969e-02,  0.0000e+00],\n",
       "          [-6.9760e-03,  1.2831e-02,  9.9989e-01,  0.0000e+00],\n",
       "          [ 0.0000e+00,  0.0000e+00,  0.0000e+00,  1.0000e+00]],\n",
       " \n",
       "         [[ 9.9974e-01,  2.2181e-02,  5.3811e-03,  0.0000e+00],\n",
       "          [-2.2100e-02,  9.9965e-01, -1.4861e-02,  0.0000e+00],\n",
       "          [-5.7089e-03,  1.4738e-02,  9.9988e-01,  0.0000e+00],\n",
       "          [ 0.0000e+00,  0.0000e+00,  0.0000e+00,  1.0000e+00]],\n",
       " \n",
       "         [[ 9.9974e-01,  2.2523e-02,  3.8545e-03,  0.0000e+00],\n",
       "          [-2.2456e-02,  9.9961e-01, -1.6651e-02,  0.0000e+00],\n",
       "          [-4.2281e-03,  1.6560e-02,  9.9985e-01,  0.0000e+00],\n",
       "          [ 0.0000e+00,  0.0000e+00,  0.0000e+00,  1.0000e+00]],\n",
       " \n",
       "         [[ 9.9980e-01,  1.9944e-02, -2.2443e-04,  0.0000e+00],\n",
       "          [-1.9944e-02,  9.9962e-01, -1.9069e-02,  0.0000e+00],\n",
       "          [-1.5611e-04,  1.9070e-02,  9.9982e-01,  0.0000e+00],\n",
       "          [ 0.0000e+00,  0.0000e+00,  0.0000e+00,  1.0000e+00]],\n",
       " \n",
       "         [[ 9.9983e-01,  1.8161e-02, -2.1840e-03,  0.0000e+00],\n",
       "          [-1.8201e-02,  9.9964e-01, -1.9884e-02,  0.0000e+00],\n",
       "          [ 1.8221e-03,  1.9920e-02,  9.9980e-01,  0.0000e+00],\n",
       "          [ 0.0000e+00,  0.0000e+00,  0.0000e+00,  1.0000e+00]],\n",
       " \n",
       "         [[ 9.9982e-01,  1.8787e-02, -4.0539e-03,  0.0000e+00],\n",
       "          [-1.8860e-02,  9.9964e-01, -1.9031e-02,  0.0000e+00],\n",
       "          [ 3.6948e-03,  1.9103e-02,  9.9981e-01,  0.0000e+00],\n",
       "          [ 0.0000e+00,  0.0000e+00,  0.0000e+00,  1.0000e+00]],\n",
       " \n",
       "         [[ 9.9981e-01,  1.7842e-02, -7.4379e-03,  0.0000e+00],\n",
       "          [-1.7969e-02,  9.9969e-01, -1.7308e-02,  0.0000e+00],\n",
       "          [ 7.1267e-03,  1.7438e-02,  9.9982e-01,  0.0000e+00],\n",
       "          [ 0.0000e+00,  0.0000e+00,  0.0000e+00,  1.0000e+00]],\n",
       " \n",
       "         [[ 9.9983e-01,  1.5902e-02, -9.8152e-03,  0.0000e+00],\n",
       "          [-1.6058e-02,  9.9974e-01, -1.6119e-02,  0.0000e+00],\n",
       "          [ 9.5560e-03,  1.6273e-02,  9.9982e-01,  0.0000e+00],\n",
       "          [ 0.0000e+00,  0.0000e+00,  0.0000e+00,  1.0000e+00]],\n",
       " \n",
       "         [[ 9.9984e-01,  1.3123e-02, -1.2369e-02,  0.0000e+00],\n",
       "          [-1.3308e-02,  9.9980e-01, -1.5023e-02,  0.0000e+00],\n",
       "          [ 1.2169e-02,  1.5185e-02,  9.9981e-01,  0.0000e+00],\n",
       "          [ 0.0000e+00,  0.0000e+00,  0.0000e+00,  1.0000e+00]],\n",
       " \n",
       "         [[ 9.9983e-01,  1.0092e-02, -1.5229e-02,  0.0000e+00],\n",
       "          [-1.0302e-02,  9.9985e-01, -1.3780e-02,  0.0000e+00],\n",
       "          [ 1.5087e-02,  1.3934e-02,  9.9979e-01,  0.0000e+00],\n",
       "          [ 0.0000e+00,  0.0000e+00,  0.0000e+00,  1.0000e+00]],\n",
       " \n",
       "         [[ 9.9977e-01,  2.1768e-03, -2.1498e-02,  0.0000e+00],\n",
       "          [-2.4033e-03,  9.9994e-01, -1.0519e-02,  0.0000e+00],\n",
       "          [ 2.1474e-02,  1.0568e-02,  9.9971e-01,  0.0000e+00],\n",
       "          [ 0.0000e+00,  0.0000e+00,  0.0000e+00,  1.0000e+00]],\n",
       " \n",
       "         [[ 9.9973e-01, -1.2461e-03, -2.3108e-02,  0.0000e+00],\n",
       "          [ 1.0250e-03,  9.9995e-01, -9.5790e-03,  0.0000e+00],\n",
       "          [ 2.3119e-02,  9.5525e-03,  9.9969e-01,  0.0000e+00],\n",
       "          [ 0.0000e+00,  0.0000e+00,  0.0000e+00,  1.0000e+00]],\n",
       " \n",
       "         [[ 9.9968e-01, -4.2685e-03, -2.4747e-02,  0.0000e+00],\n",
       "          [ 4.0580e-03,  9.9996e-01, -8.5495e-03,  0.0000e+00],\n",
       "          [ 2.4783e-02,  8.4461e-03,  9.9966e-01,  0.0000e+00],\n",
       "          [ 0.0000e+00,  0.0000e+00,  0.0000e+00,  1.0000e+00]],\n",
       " \n",
       "         [[ 9.9956e-01, -9.2806e-03, -2.8044e-02,  0.0000e+00],\n",
       "          [ 9.1088e-03,  9.9994e-01, -6.2483e-03,  0.0000e+00],\n",
       "          [ 2.8100e-02,  5.9898e-03,  9.9959e-01,  0.0000e+00],\n",
       "          [ 0.0000e+00,  0.0000e+00,  0.0000e+00,  1.0000e+00]],\n",
       " \n",
       "         [[ 9.9949e-01, -1.2088e-02, -2.9608e-02,  0.0000e+00],\n",
       "          [ 1.1941e-02,  9.9992e-01, -5.1185e-03,  0.0000e+00],\n",
       "          [ 2.9667e-02,  4.7620e-03,  9.9955e-01,  0.0000e+00],\n",
       "          [ 0.0000e+00,  0.0000e+00,  0.0000e+00,  1.0000e+00]],\n",
       " \n",
       "         [[ 9.9941e-01, -1.4583e-02, -3.1110e-02,  0.0000e+00],\n",
       "          [ 1.4465e-02,  9.9989e-01, -3.9821e-03,  0.0000e+00],\n",
       "          [ 3.1164e-02,  3.5294e-03,  9.9951e-01,  0.0000e+00],\n",
       "          [ 0.0000e+00,  0.0000e+00,  0.0000e+00,  1.0000e+00]],\n",
       " \n",
       "         [[ 9.9927e-01, -1.7918e-02, -3.3808e-02,  0.0000e+00],\n",
       "          [ 1.7869e-02,  9.9984e-01, -1.7712e-03,  0.0000e+00],\n",
       "          [ 3.3834e-02,  1.1656e-03,  9.9943e-01,  0.0000e+00],\n",
       "          [ 0.0000e+00,  0.0000e+00,  0.0000e+00,  1.0000e+00]],\n",
       " \n",
       "         [[ 9.9904e-01, -2.2405e-02, -3.7776e-02,  0.0000e+00],\n",
       "          [ 2.2512e-02,  9.9974e-01,  2.4131e-03,  0.0000e+00],\n",
       "          [ 3.7712e-02, -3.2614e-03,  9.9928e-01,  0.0000e+00],\n",
       "          [ 0.0000e+00,  0.0000e+00,  0.0000e+00,  1.0000e+00]],\n",
       " \n",
       "         [[ 9.9898e-01, -2.2912e-02, -3.8883e-02,  0.0000e+00],\n",
       "          [ 2.3094e-02,  9.9972e-01,  4.2376e-03,  0.0000e+00],\n",
       "          [ 3.8775e-02, -5.1315e-03,  9.9923e-01,  0.0000e+00],\n",
       "          [ 0.0000e+00,  0.0000e+00,  0.0000e+00,  1.0000e+00]],\n",
       " \n",
       "         [[ 9.9895e-01, -2.3219e-02, -3.9443e-02,  0.0000e+00],\n",
       "          [ 2.3462e-02,  9.9971e-01,  5.7233e-03,  0.0000e+00],\n",
       "          [ 3.9299e-02, -6.6429e-03,  9.9921e-01,  0.0000e+00],\n",
       "          [ 0.0000e+00,  0.0000e+00,  0.0000e+00,  1.0000e+00]],\n",
       " \n",
       "         [[ 9.9895e-01, -2.3130e-02, -3.9549e-02,  0.0000e+00],\n",
       "          [ 2.3427e-02,  9.9970e-01,  7.0651e-03,  0.0000e+00],\n",
       "          [ 3.9374e-02, -7.9845e-03,  9.9919e-01,  0.0000e+00],\n",
       "          [ 0.0000e+00,  0.0000e+00,  0.0000e+00,  1.0000e+00]],\n",
       " \n",
       "         [[ 9.9899e-01, -2.2141e-02, -3.9087e-02,  0.0000e+00],\n",
       "          [ 2.2505e-02,  9.9971e-01,  8.8981e-03,  0.0000e+00],\n",
       "          [ 3.8878e-02, -9.7689e-03,  9.9920e-01,  0.0000e+00],\n",
       "          [ 0.0000e+00,  0.0000e+00,  0.0000e+00,  1.0000e+00]],\n",
       " \n",
       "         [[ 9.9899e-01, -2.3870e-02, -3.8031e-02,  0.0000e+00],\n",
       "          [ 2.4308e-02,  9.9964e-01,  1.1106e-02,  0.0000e+00],\n",
       "          [ 3.7752e-02, -1.2019e-02,  9.9921e-01,  0.0000e+00],\n",
       "          [ 0.0000e+00,  0.0000e+00,  0.0000e+00,  1.0000e+00]],\n",
       " \n",
       "         [[ 9.9894e-01, -2.7275e-02, -3.7128e-02,  0.0000e+00],\n",
       "          [ 2.7750e-02,  9.9954e-01,  1.2346e-02,  0.0000e+00],\n",
       "          [ 3.6774e-02, -1.3364e-02,  9.9923e-01,  0.0000e+00],\n",
       "          [ 0.0000e+00,  0.0000e+00,  0.0000e+00,  1.0000e+00]],\n",
       " \n",
       "         [[ 9.9874e-01, -3.6760e-02, -3.4301e-02,  0.0000e+00],\n",
       "          [ 3.7270e-02,  9.9920e-01,  1.4347e-02,  0.0000e+00],\n",
       "          [ 3.3746e-02, -1.5607e-02,  9.9931e-01,  0.0000e+00],\n",
       "          [ 0.0000e+00,  0.0000e+00,  0.0000e+00,  1.0000e+00]],\n",
       " \n",
       "         [[ 9.9865e-01, -4.0827e-02, -3.2065e-02,  0.0000e+00],\n",
       "          [ 4.1327e-02,  9.9903e-01,  1.5087e-02,  0.0000e+00],\n",
       "          [ 3.1418e-02, -1.6392e-02,  9.9937e-01,  0.0000e+00],\n",
       "          [ 0.0000e+00,  0.0000e+00,  0.0000e+00,  1.0000e+00]],\n",
       " \n",
       "         [[ 9.9865e-01, -4.2836e-02, -2.9355e-02,  0.0000e+00],\n",
       "          [ 4.3309e-02,  9.9894e-01,  1.5700e-02,  0.0000e+00],\n",
       "          [ 2.8651e-02, -1.6950e-02,  9.9945e-01,  0.0000e+00],\n",
       "          [ 0.0000e+00,  0.0000e+00,  0.0000e+00,  1.0000e+00]],\n",
       " \n",
       "         [[ 9.9874e-01, -4.2750e-02, -2.6177e-02,  0.0000e+00],\n",
       "          [ 4.3186e-02,  9.9893e-01,  1.6323e-02,  0.0000e+00],\n",
       "          [ 2.5451e-02, -1.7433e-02,  9.9952e-01,  0.0000e+00],\n",
       "          [ 0.0000e+00,  0.0000e+00,  0.0000e+00,  1.0000e+00]],\n",
       " \n",
       "         [[ 9.9893e-01, -4.0513e-02, -2.2398e-02,  0.0000e+00],\n",
       "          [ 4.0900e-02,  9.9902e-01,  1.7087e-02,  0.0000e+00],\n",
       "          [ 2.1684e-02, -1.7985e-02,  9.9960e-01,  0.0000e+00],\n",
       "          [ 0.0000e+00,  0.0000e+00,  0.0000e+00,  1.0000e+00]],\n",
       " \n",
       "         [[ 9.9912e-01, -3.7739e-02, -1.8044e-02,  0.0000e+00],\n",
       "          [ 3.8060e-02,  9.9912e-01,  1.7778e-02,  0.0000e+00],\n",
       "          [ 1.7357e-02, -1.8449e-02,  9.9968e-01,  0.0000e+00],\n",
       "          [ 0.0000e+00,  0.0000e+00,  0.0000e+00,  1.0000e+00]],\n",
       " \n",
       "         [[ 9.9931e-01, -3.4580e-02, -1.3216e-02,  0.0000e+00],\n",
       "          [ 3.4819e-02,  9.9923e-01,  1.8365e-02,  0.0000e+00],\n",
       "          [ 1.2571e-02, -1.8812e-02,  9.9974e-01,  0.0000e+00],\n",
       "          [ 0.0000e+00,  0.0000e+00,  0.0000e+00,  1.0000e+00]],\n",
       " \n",
       "         [[ 9.9947e-01, -3.1400e-02, -8.0664e-03,  0.0000e+00],\n",
       "          [ 3.1546e-02,  9.9932e-01,  1.8859e-02,  0.0000e+00],\n",
       "          [ 7.4690e-03, -1.9104e-02,  9.9979e-01,  0.0000e+00],\n",
       "          [ 0.0000e+00,  0.0000e+00,  0.0000e+00,  1.0000e+00]],\n",
       " \n",
       "         [[ 9.9959e-01, -2.8563e-02, -2.7188e-03,  0.0000e+00],\n",
       "          [ 2.8609e-02,  9.9941e-01,  1.9129e-02,  0.0000e+00],\n",
       "          [ 2.1710e-03, -1.9199e-02,  9.9981e-01,  0.0000e+00],\n",
       "          [ 0.0000e+00,  0.0000e+00,  0.0000e+00,  1.0000e+00]],\n",
       " \n",
       "         [[ 9.9962e-01, -2.7451e-02, -2.3318e-05,  0.0000e+00],\n",
       "          [ 2.7447e-02,  9.9944e-01,  1.9231e-02,  0.0000e+00],\n",
       "          [-5.0445e-04, -1.9224e-02,  9.9981e-01,  0.0000e+00],\n",
       "          [ 0.0000e+00,  0.0000e+00,  0.0000e+00,  1.0000e+00]]],\n",
       "        device='cuda:0'),\n",
       " 'keyframe_time_indices': tensor([ 0,  7, 15, 23, 31, 39, 43], device='cuda:0')}"
      ]
     },
     "execution_count": 15,
     "metadata": {},
     "output_type": "execute_result"
    }
   ],
   "source": [
    "params"
   ]
  },
  {
   "cell_type": "code",
   "execution_count": 16,
   "metadata": {},
   "outputs": [
    {
     "name": "stdout",
     "output_type": "stream",
     "text": [
      "tensor(2.2169e-05, device='cuda:0')\n",
      "tensor([[-0.8277, -0.6788,  0.9937],\n",
      "        [-0.8221, -0.6782,  0.9929],\n",
      "        [-0.8170, -0.6781,  0.9928],\n",
      "        ...,\n",
      "        [-0.2664,  0.3438,  0.5389],\n",
      "        [-0.3470,  0.3176,  0.4874],\n",
      "        [-0.3298,  0.3274,  0.5030]], device='cuda:0')\n",
      "tensor(2.2169e-05, device='cuda:0')\n",
      "tensor([[-0.8277, -0.6788,  0.9937],\n",
      "        [-0.8221, -0.6782,  0.9929],\n",
      "        [-0.8170, -0.6781,  0.9928],\n",
      "        ...,\n",
      "        [-0.2664,  0.3438,  0.5389],\n",
      "        [-0.3470,  0.3176,  0.4874],\n",
      "        [-0.3298,  0.3274,  0.5030]], device='cuda:0')\n",
      "tensor(2.2169e-05, device='cuda:0')\n",
      "tensor([[-0.8277, -0.6788,  0.9937],\n",
      "        [-0.8221, -0.6782,  0.9929],\n",
      "        [-0.8170, -0.6781,  0.9928],\n",
      "        ...,\n",
      "        [-0.2664,  0.3438,  0.5389],\n",
      "        [-0.3470,  0.3176,  0.4874],\n",
      "        [-0.3298,  0.3274,  0.5030]], device='cuda:0')\n",
      "tensor(2.2169e-05, device='cuda:0')\n",
      "tensor([[-0.8277, -0.6788,  0.9937],\n",
      "        [-0.8221, -0.6782,  0.9929],\n",
      "        [-0.8170, -0.6781,  0.9928],\n",
      "        ...,\n",
      "        [-0.2664,  0.3438,  0.5389],\n",
      "        [-0.3470,  0.3176,  0.4874],\n",
      "        [-0.3298,  0.3274,  0.5030]], device='cuda:0')\n",
      "tensor(2.2169e-05, device='cuda:0')\n",
      "tensor([[-0.8277, -0.6788,  0.9937],\n",
      "        [-0.8221, -0.6782,  0.9929],\n",
      "        [-0.8170, -0.6781,  0.9928],\n",
      "        ...,\n",
      "        [-0.2664,  0.3438,  0.5389],\n",
      "        [-0.3470,  0.3176,  0.4874],\n",
      "        [-0.3298,  0.3274,  0.5030]], device='cuda:0')\n",
      "tensor(2.2169e-05, device='cuda:0')\n",
      "tensor([[-0.8277, -0.6788,  0.9937],\n",
      "        [-0.8221, -0.6782,  0.9929],\n",
      "        [-0.8170, -0.6781,  0.9928],\n",
      "        ...,\n",
      "        [-0.2664,  0.3438,  0.5389],\n",
      "        [-0.3470,  0.3176,  0.4874],\n",
      "        [-0.3298,  0.3274,  0.5030]], device='cuda:0')\n",
      "tensor(2.2169e-05, device='cuda:0')\n",
      "tensor([[-0.8277, -0.6788,  0.9937],\n",
      "        [-0.8221, -0.6782,  0.9929],\n",
      "        [-0.8170, -0.6781,  0.9928],\n",
      "        ...,\n",
      "        [-0.2664,  0.3438,  0.5389],\n",
      "        [-0.3470,  0.3176,  0.4874],\n",
      "        [-0.3298,  0.3274,  0.5030]], device='cuda:0')\n",
      "tensor(2.2169e-05, device='cuda:0')\n",
      "tensor([[-0.8277, -0.6788,  0.9937],\n",
      "        [-0.8221, -0.6782,  0.9929],\n",
      "        [-0.8170, -0.6781,  0.9928],\n",
      "        ...,\n",
      "        [-0.2664,  0.3438,  0.5389],\n",
      "        [-0.3470,  0.3176,  0.4874],\n",
      "        [-0.3298,  0.3274,  0.5030]], device='cuda:0')\n",
      "tensor(2.2169e-05, device='cuda:0')\n",
      "tensor([[-0.8277, -0.6788,  0.9937],\n",
      "        [-0.8221, -0.6782,  0.9929],\n",
      "        [-0.8170, -0.6781,  0.9928],\n",
      "        ...,\n",
      "        [-0.2664,  0.3438,  0.5389],\n",
      "        [-0.3470,  0.3176,  0.4874],\n",
      "        [-0.3298,  0.3274,  0.5030]], device='cuda:0')\n",
      "tensor(2.2169e-05, device='cuda:0')\n",
      "tensor([[-0.8277, -0.6788,  0.9937],\n",
      "        [-0.8221, -0.6782,  0.9929],\n",
      "        [-0.8170, -0.6781,  0.9928],\n",
      "        ...,\n",
      "        [-0.2664,  0.3438,  0.5389],\n",
      "        [-0.3470,  0.3176,  0.4874],\n",
      "        [-0.3298,  0.3274,  0.5030]], device='cuda:0')\n",
      "tensor(2.2169e-05, device='cuda:0')\n",
      "tensor([[-0.8277, -0.6788,  0.9937],\n",
      "        [-0.8221, -0.6782,  0.9929],\n",
      "        [-0.8170, -0.6781,  0.9928],\n",
      "        ...,\n",
      "        [-0.2664,  0.3438,  0.5389],\n",
      "        [-0.3470,  0.3176,  0.4874],\n",
      "        [-0.3298,  0.3274,  0.5030]], device='cuda:0')\n",
      "tensor(2.2169e-05, device='cuda:0')\n",
      "tensor([[-0.8277, -0.6788,  0.9937],\n",
      "        [-0.8221, -0.6782,  0.9929],\n",
      "        [-0.8170, -0.6781,  0.9928],\n",
      "        ...,\n",
      "        [-0.2664,  0.3438,  0.5389],\n",
      "        [-0.3470,  0.3176,  0.4874],\n",
      "        [-0.3298,  0.3274,  0.5030]], device='cuda:0')\n",
      "tensor(2.2169e-05, device='cuda:0')\n",
      "tensor([[-0.8277, -0.6788,  0.9937],\n",
      "        [-0.8221, -0.6782,  0.9929],\n",
      "        [-0.8170, -0.6781,  0.9928],\n",
      "        ...,\n",
      "        [-0.2664,  0.3438,  0.5389],\n",
      "        [-0.3470,  0.3176,  0.4874],\n",
      "        [-0.3298,  0.3274,  0.5030]], device='cuda:0')\n",
      "tensor(2.2169e-05, device='cuda:0')\n",
      "tensor([[-0.8277, -0.6788,  0.9937],\n",
      "        [-0.8221, -0.6782,  0.9929],\n",
      "        [-0.8170, -0.6781,  0.9928],\n",
      "        ...,\n",
      "        [-0.2664,  0.3438,  0.5389],\n",
      "        [-0.3470,  0.3176,  0.4874],\n",
      "        [-0.3298,  0.3274,  0.5030]], device='cuda:0')\n",
      "tensor(2.2169e-05, device='cuda:0')\n",
      "tensor([[-0.8277, -0.6788,  0.9937],\n",
      "        [-0.8221, -0.6782,  0.9929],\n",
      "        [-0.8170, -0.6781,  0.9928],\n",
      "        ...,\n",
      "        [-0.2664,  0.3438,  0.5389],\n",
      "        [-0.3470,  0.3176,  0.4874],\n",
      "        [-0.3298,  0.3274,  0.5030]], device='cuda:0')\n",
      "tensor(2.2169e-05, device='cuda:0')\n",
      "tensor([[-0.8277, -0.6788,  0.9937],\n",
      "        [-0.8221, -0.6782,  0.9929],\n",
      "        [-0.8170, -0.6781,  0.9928],\n",
      "        ...,\n",
      "        [-0.2664,  0.3438,  0.5389],\n",
      "        [-0.3470,  0.3176,  0.4874],\n",
      "        [-0.3298,  0.3274,  0.5030]], device='cuda:0')\n",
      "tensor(2.2169e-05, device='cuda:0')\n",
      "tensor([[-0.8277, -0.6788,  0.9937],\n",
      "        [-0.8221, -0.6782,  0.9929],\n",
      "        [-0.8170, -0.6781,  0.9928],\n",
      "        ...,\n",
      "        [-0.2664,  0.3438,  0.5389],\n",
      "        [-0.3470,  0.3176,  0.4874],\n",
      "        [-0.3298,  0.3274,  0.5030]], device='cuda:0')\n",
      "tensor(2.2169e-05, device='cuda:0')\n",
      "tensor([[-0.8277, -0.6788,  0.9937],\n",
      "        [-0.8221, -0.6782,  0.9929],\n",
      "        [-0.8170, -0.6781,  0.9928],\n",
      "        ...,\n",
      "        [-0.2664,  0.3438,  0.5389],\n",
      "        [-0.3470,  0.3176,  0.4874],\n",
      "        [-0.3298,  0.3274,  0.5030]], device='cuda:0')\n",
      "tensor(2.2169e-05, device='cuda:0')\n",
      "tensor([[-0.8277, -0.6788,  0.9937],\n",
      "        [-0.8221, -0.6782,  0.9929],\n",
      "        [-0.8170, -0.6781,  0.9928],\n",
      "        ...,\n",
      "        [-0.2664,  0.3438,  0.5389],\n",
      "        [-0.3470,  0.3176,  0.4874],\n",
      "        [-0.3298,  0.3274,  0.5030]], device='cuda:0')\n",
      "tensor(2.2169e-05, device='cuda:0')\n",
      "tensor([[-0.8277, -0.6788,  0.9937],\n",
      "        [-0.8221, -0.6782,  0.9929],\n",
      "        [-0.8170, -0.6781,  0.9928],\n",
      "        ...,\n",
      "        [-0.2664,  0.3438,  0.5389],\n",
      "        [-0.3470,  0.3176,  0.4874],\n",
      "        [-0.3298,  0.3274,  0.5030]], device='cuda:0')\n",
      "tensor(2.2169e-05, device='cuda:0')\n",
      "tensor([[-0.8277, -0.6788,  0.9937],\n",
      "        [-0.8221, -0.6782,  0.9929],\n",
      "        [-0.8170, -0.6781,  0.9928],\n",
      "        ...,\n",
      "        [-0.2664,  0.3438,  0.5389],\n",
      "        [-0.3470,  0.3176,  0.4874],\n",
      "        [-0.3298,  0.3274,  0.5030]], device='cuda:0')\n",
      "tensor(2.2169e-05, device='cuda:0')\n",
      "tensor([[-0.8277, -0.6788,  0.9937],\n",
      "        [-0.8221, -0.6782,  0.9929],\n",
      "        [-0.8170, -0.6781,  0.9928],\n",
      "        ...,\n",
      "        [-0.2664,  0.3438,  0.5389],\n",
      "        [-0.3470,  0.3176,  0.4874],\n",
      "        [-0.3298,  0.3274,  0.5030]], device='cuda:0')\n",
      "tensor(2.2169e-05, device='cuda:0')\n",
      "tensor([[-0.8277, -0.6788,  0.9937],\n",
      "        [-0.8221, -0.6782,  0.9929],\n",
      "        [-0.8170, -0.6781,  0.9928],\n",
      "        ...,\n",
      "        [-0.2664,  0.3438,  0.5389],\n",
      "        [-0.3470,  0.3176,  0.4874],\n",
      "        [-0.3298,  0.3274,  0.5030]], device='cuda:0')\n",
      "tensor(2.2169e-05, device='cuda:0')\n",
      "tensor([[-0.8277, -0.6788,  0.9937],\n",
      "        [-0.8221, -0.6782,  0.9929],\n",
      "        [-0.8170, -0.6781,  0.9928],\n",
      "        ...,\n",
      "        [-0.2664,  0.3438,  0.5389],\n",
      "        [-0.3470,  0.3176,  0.4874],\n",
      "        [-0.3298,  0.3274,  0.5030]], device='cuda:0')\n",
      "tensor(2.2169e-05, device='cuda:0')\n",
      "tensor([[-0.8277, -0.6788,  0.9937],\n",
      "        [-0.8221, -0.6782,  0.9929],\n",
      "        [-0.8170, -0.6781,  0.9928],\n",
      "        ...,\n",
      "        [-0.2664,  0.3438,  0.5389],\n",
      "        [-0.3470,  0.3176,  0.4874],\n",
      "        [-0.3298,  0.3274,  0.5030]], device='cuda:0')\n",
      "tensor(2.2169e-05, device='cuda:0')\n",
      "tensor([[-0.8277, -0.6788,  0.9937],\n",
      "        [-0.8221, -0.6782,  0.9929],\n",
      "        [-0.8170, -0.6781,  0.9928],\n",
      "        ...,\n",
      "        [-0.2664,  0.3438,  0.5389],\n",
      "        [-0.3470,  0.3176,  0.4874],\n",
      "        [-0.3298,  0.3274,  0.5030]], device='cuda:0')\n",
      "tensor(2.2169e-05, device='cuda:0')\n",
      "tensor([[-0.8277, -0.6788,  0.9937],\n",
      "        [-0.8221, -0.6782,  0.9929],\n",
