{
 "cells": [
  {
   "cell_type": "code",
   "execution_count": 1,
   "metadata": {},
   "outputs": [
    {
     "name": "stdout",
     "output_type": "stream",
     "text": [
      "System Paths:\n",
      "/media/thesis_ssd/code/EndoGSLAM/EndoGSLAM\n",
      "/media/thesis_ssd/anaconda/envs/endogslam/lib/python310.zip\n",
      "/media/thesis_ssd/anaconda/envs/endogslam/lib/python3.10\n",
      "/media/thesis_ssd/anaconda/envs/endogslam/lib/python3.10/lib-dynload\n",
      "\n",
      "/media/thesis_ssd/anaconda/envs/endogslam/lib/python3.10/site-packages\n"
     ]
    },
    {
     "name": "stderr",
     "output_type": "stream",
     "text": [
      "WARNING:dinov2:xFormers not available\n",
      "WARNING:dinov2:xFormers not available\n"
     ]
    }
   ],
   "source": [
    "import numpy as np\n",
    "from utils.slam_helpers import transform_to_frame,transformed_params2depthplussilhouette,transformed_params2rendervar,transformed_GRNparams2rendervar,transformed_GRNparams2depthplussilhouette\n",
    "from diff_gaussian_rasterization import GaussianRasterizer as Renderer\n",
    "from scripts.main_SurgeSplat import deform_gaussians, setup_camera\n",
    "import torch\n",
    "import os\n",
    "from PIL import Image"
   ]
  },
  {
   "cell_type": "code",
   "execution_count": 2,
   "metadata": {},
   "outputs": [],
   "source": [
    "intrinsics = torch.tensor([[199.6883,   0.0000, 166.3290],\n",
    "        [  0.0000, 249.4753, 170.4058],\n",
    "        [  0.0000,   0.0000,   1.0000]], device='cuda:0')\n",
    "w2c = torch.tensor([[ 1.0000e+00,  6.5711e-11,  2.3283e-10,  0.0000e+00],\n",
    "        [-3.1832e-11,  1.0000e+00, -7.4115e-21,  0.0000e+00],\n",
    "        [-9.2644e-22,  2.9104e-11,  1.0000e+00,  0.0000e+00],\n",
    "        [ 0.0000e+00,  0.0000e+00,  0.0000e+00,  1.0000e+00]], device='cuda:0')\n",
    "\n",
    "cam = setup_camera(336,336, intrinsics.cpu().numpy(), w2c.detach().cpu().numpy(), use_simplification=True)\n",
    "\n",
    "\n"
   ]
  },
  {
   "cell_type": "code",
   "execution_count": 3,
   "metadata": {},
   "outputs": [],
   "source": [
    "params_np = np.load('/media/thesis_ssd/code/EndoGSLAM/EndoGSLAM/experiments/EndoNerf cutting_deform_short_simple/cutting_deform_short_simple/params.npz')\n",
    "params={}\n",
    "for key in params_np.keys():\n",
    "    params[key] = torch.tensor(params_np[key]).cuda()"
   ]
  },
  {
   "cell_type": "code",
   "execution_count": 4,
   "metadata": {},
   "outputs": [
    {
     "data": {
      "text/plain": [
       "{'means3D': tensor([[[-6.8816, -6.8710, -6.8697,  ..., -6.8816, -6.8816, -6.8816],\n",
       "          [-5.6433, -5.6351, -5.6424,  ..., -5.6433, -5.6433, -5.6433],\n",
       "          [ 8.2618,  8.2693,  8.2660,  ...,  8.2618,  8.2618,  8.2618]],\n",
       " \n",
       "         [[-6.6292, -6.6508, -6.6297,  ..., -6.6292, -6.6292, -6.6292],\n",
       "          [-5.4692, -5.4460, -5.4606,  ..., -5.4692, -5.4692, -5.4692],\n",
       "          [ 8.0069,  8.0243,  8.0073,  ...,  8.0069,  8.0069,  8.0069]],\n",
       " \n",
       "         [[-6.5513, -6.5763, -6.5499,  ..., -6.5513, -6.5513, -6.5513],\n",
       "          [-5.4378, -5.4014, -5.4401,  ..., -5.4378, -5.4378, -5.4378],\n",
       "          [ 7.9610,  7.9857,  7.9674,  ...,  7.9610,  7.9610,  7.9610]],\n",
       " \n",
       "         ...,\n",
       " \n",
       "         [[ 5.6419,  5.6207,  5.6606,  ...,  5.5916,  5.5731,  5.6126],\n",
       "          [ 4.4597,  4.4964,  4.4416,  ...,  4.5211,  4.5070,  4.4856],\n",
       "          [ 6.7595,  6.7317,  6.7639,  ...,  6.7482,  6.7841,  6.7803]],\n",
       " \n",
       "         [[ 5.7406,  5.7549,  5.7575,  ...,  5.7499,  5.7406,  5.7406],\n",
       "          [ 4.5106,  4.5106,  4.4934,  ...,  4.5348,  4.5106,  4.5106],\n",
       "          [ 6.8367,  6.8285,  6.8228,  ...,  6.8231,  6.8367,  6.8367]],\n",
       " \n",
       "         [[ 6.1184,  6.1269,  6.1203,  ...,  6.1184,  6.1184,  6.1184],\n",
       "          [ 4.7790,  4.7814,  4.7728,  ...,  4.7790,  4.7790,  4.7790],\n",
       "          [ 7.2436,  7.2390,  7.2388,  ...,  7.2436,  7.2436,  7.2436]]],\n",
       "        device='cuda:0'),\n",
       " 'rgb_colors': tensor([[0.4591, 0.2327, 0.2647],\n",
       "         [0.4609, 0.2375, 0.2697],\n",
       "         [0.4570, 0.2325, 0.2657],\n",
       "         ...,\n",
       "         [0.7550, 0.4738, 0.2952],\n",
       "         [0.7407, 0.4762, 0.2829],\n",
       "         [0.7441, 0.4852, 0.2881]], device='cuda:0'),\n",
       " 'unnorm_rotations': tensor([[[-0.1666, -0.1666, -0.1666,  ..., -0.1666, -0.1666, -0.1666],\n",
       "          [ 0.1527,  0.1527,  0.1527,  ...,  0.1527,  0.1527,  0.1527],\n",
       "          [ 0.0637,  0.0637,  0.0637,  ...,  0.0637,  0.0637,  0.0637],\n",
       "          [-0.1623, -0.1623, -0.1623,  ..., -0.1623, -0.1623, -0.1623]],\n",
       " \n",
       "         [[-0.4365, -0.4365, -0.4365,  ..., -0.4365, -0.4365, -0.4365],\n",
       "          [ 0.5035,  0.5035,  0.5035,  ...,  0.5035,  0.5035,  0.5035],\n",
       "          [ 0.0388,  0.0388,  0.0388,  ...,  0.0388,  0.0388,  0.0388],\n",
       "          [-0.4237, -0.4237, -0.4237,  ..., -0.4237, -0.4237, -0.4237]],\n",
       " \n",
       "         [[-0.4617, -0.4617, -0.4617,  ..., -0.4617, -0.4617, -0.4617],\n",
       "          [ 0.6799,  0.6799,  0.6799,  ...,  0.6799,  0.6799,  0.6799],\n",
       "          [-0.0436, -0.0436, -0.0436,  ..., -0.0436, -0.0436, -0.0436],\n",
       "          [-0.4419, -0.4419, -0.4419,  ..., -0.4419, -0.4419, -0.4419]],\n",
       " \n",
       "         ...,\n",
       " \n",
       "         [[-0.2217, -0.2217, -0.2217,  ..., -0.2217, -0.2217, -0.2217],\n",
       "          [ 0.1092,  0.1092,  0.1092,  ...,  0.1092,  0.1092,  0.1092],\n",
       "          [ 0.0565,  0.0565,  0.0565,  ...,  0.0565,  0.0565,  0.0565],\n",
       "          [-0.4164, -0.4164, -0.4164,  ..., -0.4164, -0.4164, -0.4164]],\n",
       " \n",
       "         [[-0.1997, -0.1997, -0.1997,  ..., -0.1997, -0.1997, -0.1997],\n",
       "          [ 0.1038,  0.1038,  0.1038,  ...,  0.1038,  0.1038,  0.1038],\n",
       "          [ 0.0800,  0.0800,  0.0800,  ...,  0.0800,  0.0800,  0.0800],\n",
       "          [-0.4602, -0.4602, -0.4602,  ..., -0.4602, -0.4602, -0.4602]],\n",
       " \n",
       "         [[-0.0379, -0.0379, -0.0379,  ..., -0.0379, -0.0379, -0.0379],\n",
       "          [-0.0735, -0.0735, -0.0735,  ..., -0.0735, -0.0735, -0.0735],\n",
       "          [ 0.0839,  0.0839,  0.0839,  ...,  0.0839,  0.0839,  0.0839],\n",
       "          [-0.1843, -0.1843, -0.1843,  ..., -0.1843, -0.1843, -0.1843]]],\n",
       "        device='cuda:0'),\n",
       " 'logit_opacities': tensor([[0.7888],\n",
       "         [1.3687],\n",
       "         [1.6063],\n",
       "         ...,\n",
       "         [1.6709],\n",
       "         [2.0533],\n",
       "         [0.6092]], device='cuda:0'),\n",
       " 'log_scales': tensor([[[ 1.5236e-04,  1.5236e-04,  1.5236e-04,  ...,  1.5236e-04,\n",
       "            1.5236e-04,  1.5236e-04],\n",
       "          [ 7.4527e-05,  7.4527e-05,  7.4527e-05,  ...,  7.4527e-05,\n",
       "            7.4527e-05,  7.4527e-05],\n",
       "          [-1.4242e-04, -1.4242e-04, -1.4242e-04,  ..., -1.4242e-04,\n",
       "           -1.4242e-04, -1.4242e-04]],\n",
       " \n",
       "         [[ 3.9650e-04,  3.9650e-04,  3.9650e-04,  ...,  3.9650e-04,\n",
       "            3.9650e-04,  3.9650e-04],\n",
       "          [-1.7561e-04, -1.7561e-04, -1.7561e-04,  ..., -1.7561e-04,\n",
       "           -1.7561e-04, -1.7561e-04],\n",
       "          [-1.6795e-04, -1.6795e-04, -1.6795e-04,  ..., -1.6795e-04,\n",
       "           -1.6795e-04, -1.6795e-04]],\n",
       " \n",
       "         [[ 4.9437e-04,  4.9437e-04,  4.9437e-04,  ...,  4.9437e-04,\n",
       "            4.9437e-04,  4.9437e-04],\n",
       "          [-5.8167e-06, -5.8167e-06, -5.8167e-06,  ..., -5.8167e-06,\n",
       "           -5.8167e-06, -5.8167e-06],\n",
       "          [-1.4257e-04, -1.4257e-04, -1.4257e-04,  ..., -1.4257e-04,\n",
       "           -1.4257e-04, -1.4257e-04]],\n",
       " \n",
       "         ...,\n",
       " \n",
       "         [[ 1.7185e-04,  1.7185e-04,  1.7185e-04,  ...,  1.7185e-04,\n",
       "            1.7185e-04,  1.7185e-04],\n",
       "          [ 1.3527e-04,  1.3527e-04,  1.3527e-04,  ...,  1.3527e-04,\n",
       "            1.3527e-04,  1.3527e-04],\n",
       "          [-2.0543e-04, -2.0543e-04, -2.0543e-04,  ..., -2.0543e-04,\n",
       "           -2.0543e-04, -2.0543e-04]],\n",
       " \n",
       "         [[ 3.3344e-04,  3.3344e-04,  3.3344e-04,  ...,  3.3344e-04,\n",
       "            3.3344e-04,  3.3344e-04],\n",
       "          [-5.0719e-05, -5.0719e-05, -5.0719e-05,  ..., -5.0719e-05,\n",
       "           -5.0719e-05, -5.0719e-05],\n",
       "          [-1.4512e-04, -1.4512e-04, -1.4512e-04,  ..., -1.4512e-04,\n",
       "           -1.4512e-04, -1.4512e-04]],\n",
       " \n",
       "         [[ 2.1243e-05,  2.1243e-05,  2.1243e-05,  ...,  2.1243e-05,\n",
       "            2.1243e-05,  2.1243e-05],\n",
       "          [ 6.8850e-05,  6.8850e-05,  6.8850e-05,  ...,  6.8850e-05,\n",
       "            6.8850e-05,  6.8850e-05],\n",
       "          [-1.0422e-04, -1.0422e-04, -1.0422e-04,  ..., -1.0422e-04,\n",
       "           -1.0422e-04, -1.0422e-04]]], device='cuda:0'),\n",
       " 'cam_unnorm_rots': tensor([[[ 1.0000e+00,  9.9979e-01,  1.0001e+00,  1.0001e+00,  9.9970e-01,\n",
       "            1.0000e+00,  1.0001e+00,  1.0002e+00,  1.0001e+00,  1.0000e+00,\n",
       "            1.0000e+00,  9.9996e-01,  1.0002e+00,  1.0001e+00,  1.0002e+00,\n",
       "            1.0002e+00,  1.0002e+00,  1.0000e+00,  9.9998e-01,  1.0000e+00,\n",
       "            1.0000e+00,  1.0001e+00,  1.0000e+00,  1.0000e+00,  9.9998e-01,\n",
       "            9.9990e-01,  1.0001e+00,  9.9998e-01,  1.0000e+00,  9.9989e-01,\n",
       "            9.9992e-01,  9.9994e-01,  9.9995e-01,  1.0001e+00,  9.9994e-01,\n",
       "            1.0003e+00,  1.0001e+00,  9.9998e-01,  1.0000e+00,  9.9985e-01,\n",
       "            1.0002e+00,  1.0000e+00,  1.0001e+00,  9.9994e-01,  1.0001e+00],\n",
       "          [ 0.0000e+00, -3.2294e-04, -5.6516e-04, -6.3955e-04, -8.8599e-04,\n",
       "           -1.0603e-03, -1.2101e-03, -1.3185e-03, -1.2484e-03, -1.0727e-03,\n",
       "           -1.0480e-03, -1.2494e-03, -1.3161e-03, -1.4814e-03, -1.5822e-03,\n",
       "           -1.5538e-03, -1.3582e-03, -1.2277e-03, -1.0872e-03, -8.5459e-04,\n",
       "           -5.0220e-04, -2.0289e-04,  2.2573e-05,  3.5727e-04,  7.4901e-04,\n",
       "            1.1786e-03,  1.5406e-03,  1.9235e-03,  2.2977e-03,  2.7718e-03,\n",
       "            3.3594e-03,  4.0797e-03,  4.8649e-03,  5.5577e-03,  6.2871e-03,\n",
       "            6.6781e-03,  6.9083e-03,  7.1290e-03,  7.3021e-03,  7.5981e-03,\n",
       "            7.6955e-03,  7.7283e-03,  7.6767e-03,  7.6523e-03,  7.4575e-03],\n",
       "          [ 0.0000e+00,  3.0532e-05,  1.6438e-04,  2.9247e-04,  6.5173e-04,\n",
       "            1.1178e-03,  1.5058e-03,  1.7459e-03,  1.9541e-03,  2.2527e-03,\n",
       "            2.5149e-03,  2.7216e-03,  2.6691e-03,  2.5085e-03,  2.2141e-03,\n",
       "            1.8942e-03,  1.4053e-03,  8.1676e-04,  5.0170e-04,  5.0349e-04,\n",
       "            5.7082e-04,  5.8171e-04,  6.3159e-04,  6.3577e-04,  6.4535e-04,\n",
       "            7.0324e-04,  6.7328e-04,  6.9695e-04,  7.8455e-04,  8.1147e-04,\n",
       "            9.4823e-04,  9.6587e-04,  8.9850e-04,  6.8448e-04,  5.1289e-04,\n",
       "            3.6390e-04,  3.8400e-04,  3.5861e-04,  1.7321e-04,  8.1230e-05,\n",
       "           -4.0100e-05, -1.9184e-04, -1.8173e-04, -9.9335e-05, -1.2068e-04],\n",
       "          [ 0.0000e+00, -2.0535e-07,  7.0572e-05,  2.6408e-04,  3.9339e-04,\n",
       "            5.1282e-04,  4.2371e-04,  2.5332e-04,  1.2229e-04,  2.2345e-05,\n",
       "           -6.4804e-06, -4.3876e-05, -2.8184e-04, -3.9055e-04, -3.1934e-04,\n",
       "           -2.1679e-04, -2.1911e-05,  4.0889e-05,  6.1158e-05,  1.2070e-04,\n",
       "            4.2418e-04,  6.4301e-04,  8.3376e-04,  1.0039e-03,  1.2230e-03,\n",
       "            1.5259e-03,  1.6543e-03,  1.7065e-03,  1.7228e-03,  1.8508e-03,\n",
       "            1.6821e-03,  1.2411e-03,  7.5778e-04,  3.7739e-04, -1.3544e-05,\n",
       "           -3.6605e-04, -6.8369e-04, -1.0210e-03, -1.1960e-03, -1.1936e-03,\n",
       "           -9.6103e-04, -5.7435e-04, -3.8920e-04, -1.5371e-04,  2.4018e-05]]],\n",
       "        device='cuda:0'),\n",
       " 'cam_trans': tensor([[[ 0.0000e+00,  1.7969e-04,  7.5747e-04,  1.3696e-03,  2.6030e-03,\n",
       "            4.2022e-03,  5.6184e-03,  6.8105e-03,  7.9077e-03,  9.2312e-03,\n",
       "            1.0588e-02,  1.1855e-02,  1.2470e-02,  1.2872e-02,  1.3003e-02,\n",
       "            1.3082e-02,  1.2725e-02,  1.2261e-02,  1.2503e-02,  1.3539e-02,\n",
       "            1.4904e-02,  1.6257e-02,  1.7776e-02,  1.9310e-02,  2.0823e-02,\n",
       "            2.2381e-02,  2.3901e-02,  2.5590e-02,  2.7531e-02,  2.9313e-02,\n",
       "            3.1260e-02,  3.2926e-02,  3.4617e-02,  3.6145e-02,  3.7846e-02,\n",
       "            3.9821e-02,  4.2338e-02,  4.4662e-02,  4.6713e-02,  4.8924e-02,\n",
       "            5.1166e-02,  5.3473e-02,  5.6120e-02,  5.9100e-02,  6.1773e-02],\n",
       "          [ 0.0000e+00,  7.1934e-04,  1.3171e-03,  1.4701e-03,  1.9529e-03,\n",
       "            2.3091e-03,  2.6476e-03,  2.9769e-03,  2.8891e-03,  2.5765e-03,\n",
       "            2.7545e-03,  3.3099e-03,  3.6308e-03,  4.2370e-03,  4.7586e-03,\n",
       "            5.0077e-03,  4.8536e-03,  4.8503e-03,  4.8103e-03,  4.5219e-03,\n",
       "            3.9032e-03,  3.4006e-03,  3.0118e-03,  2.3646e-03,  1.5568e-03,\n",
       "            6.2655e-04, -1.5040e-04, -9.5932e-04, -1.6552e-03, -2.7115e-03,\n",
       "           -4.1210e-03, -5.8185e-03, -7.7168e-03, -9.5084e-03, -1.1380e-02,\n",
       "           -1.2457e-02, -1.3081e-02, -1.3867e-02, -1.4457e-02, -1.5414e-02,\n",
       "           -1.5860e-02, -1.6218e-02, -1.6435e-02, -1.6672e-02, -1.6522e-02],\n",
       "          [ 0.0000e+00,  1.8044e-04, -1.9426e-04, -7.2519e-04, -8.7609e-04,\n",
       "           -5.8503e-04, -9.6900e-04, -1.9799e-03, -3.2504e-03, -4.8693e-03,\n",
       "           -6.2555e-03, -7.7037e-03, -9.3967e-03, -1.2004e-02, -1.4462e-02,\n",
       "           -1.7036e-02, -2.0070e-02, -2.2770e-02, -2.5300e-02, -2.7408e-02,\n",
       "           -2.9942e-02, -3.3055e-02, -3.5895e-02, -3.9380e-02, -4.2916e-02,\n",
       "           -4.7168e-02, -5.1107e-02, -5.5373e-02, -5.9622e-02, -6.3898e-02,\n",
       "           -6.8446e-02, -7.3748e-02, -7.9227e-02, -8.4361e-02, -8.9605e-02,\n",
       "           -9.4696e-02, -1.0025e-01, -1.0611e-01, -1.1272e-01, -1.1918e-01,\n",
       "           -1.2597e-01, -1.3303e-01, -1.3994e-01, -1.4738e-01, -1.5523e-01]]],\n",
       "        device='cuda:0'),\n",
       " 'timestep': tensor([0., 0., 0.,  ..., 0., 0., 0.], device='cuda:0'),\n",
       " 'intrinsics': tensor([[199.6883,   0.0000, 166.3290],\n",
       "         [  0.0000, 249.4753, 170.4058],\n",
       "         [  0.0000,   0.0000,   1.0000]], device='cuda:0'),\n",
       " 'w2c': tensor([[ 1.0000e+00,  6.5711e-11,  2.3283e-10,  0.0000e+00],\n",
       "         [-3.1832e-11,  1.0000e+00, -7.4115e-21,  0.0000e+00],\n",
       "         [-9.2644e-22,  2.9104e-11,  1.0000e+00,  0.0000e+00],\n",
       "         [ 0.0000e+00,  0.0000e+00,  0.0000e+00,  1.0000e+00]], device='cuda:0'),\n",
       " 'org_width': tensor(336, device='cuda:0'),\n",
       " 'org_height': tensor(336, device='cuda:0'),\n",
       " 'gt_w2c_all_frames': tensor([[[ 1.0000e+00,  6.5711e-11,  2.3283e-10,  0.0000e+00],\n",
       "          [-3.1832e-11,  1.0000e+00, -7.4115e-21,  0.0000e+00],\n",
       "          [-9.2644e-22,  2.9104e-11,  1.0000e+00,  0.0000e+00],\n",
       "          [ 0.0000e+00,  0.0000e+00,  0.0000e+00,  1.0000e+00]],\n",
       " \n",
       "         [[ 1.0000e+00,  5.4352e-04,  1.6511e-03,  0.0000e+00],\n",
       "          [-5.4258e-04,  1.0000e+00, -6.1650e-04,  0.0000e+00],\n",
       "          [-1.6513e-03,  6.1557e-04,  1.0000e+00,  0.0000e+00],\n",
       "          [ 0.0000e+00,  0.0000e+00,  0.0000e+00,  1.0000e+00]],\n",
       " \n",
       "         [[ 9.9999e-01,  1.2883e-03,  3.3797e-03,  0.0000e+00],\n",
       "          [-1.2841e-03,  1.0000e+00, -1.3645e-03,  0.0000e+00],\n",
       "          [-3.3814e-03,  1.3601e-03,  9.9999e-01,  0.0000e+00],\n",
       "          [ 0.0000e+00,  0.0000e+00,  0.0000e+00,  1.0000e+00]],\n",
       " \n",
       "         [[ 9.9999e-01,  2.0420e-03,  5.0066e-03,  0.0000e+00],\n",
       "          [-2.0310e-03,  1.0000e+00, -2.1842e-03,  0.0000e+00],\n",
       "          [-5.0111e-03,  2.1740e-03,  9.9999e-01,  0.0000e+00],\n",
       "          [ 0.0000e+00,  0.0000e+00,  0.0000e+00,  1.0000e+00]],\n",
       " \n",
       "         [[ 9.9998e-01,  2.7118e-03,  6.4249e-03,  0.0000e+00],\n",
       "          [-2.6920e-03,  9.9999e-01, -3.0609e-03,  0.0000e+00],\n",
       "          [-6.4333e-03,  3.0437e-03,  9.9997e-01,  0.0000e+00],\n",
       "          [ 0.0000e+00,  0.0000e+00,  0.0000e+00,  1.0000e+00]],\n",
       " \n",
       "         [[ 9.9996e-01,  4.0396e-03,  7.6817e-03,  0.0000e+00],\n",
       "          [-4.0089e-03,  9.9998e-01, -3.9938e-03,  0.0000e+00],\n",
       "          [-7.6978e-03,  3.9630e-03,  9.9996e-01,  0.0000e+00],\n",
       "          [ 0.0000e+00,  0.0000e+00,  0.0000e+00,  1.0000e+00]],\n",
       " \n",
       "         [[ 9.9995e-01,  4.9619e-03,  8.4275e-03,  0.0000e+00],\n",
       "          [-4.9230e-03,  9.9998e-01, -4.6569e-03,  0.0000e+00],\n",
       "          [-8.4504e-03,  4.6153e-03,  9.9995e-01,  0.0000e+00],\n",
       "          [ 0.0000e+00,  0.0000e+00,  0.0000e+00,  1.0000e+00]],\n",
       " \n",
       "         [[ 9.9992e-01,  8.8014e-03,  9.2989e-03,  0.0000e+00],\n",
       "          [-8.7394e-03,  9.9994e-01, -6.6657e-03,  0.0000e+00],\n",
       "          [-9.3570e-03,  6.5838e-03,  9.9993e-01,  0.0000e+00],\n",
       "          [ 0.0000e+00,  0.0000e+00,  0.0000e+00,  1.0000e+00]],\n",
       " \n",
       "         [[ 9.9989e-01,  1.2080e-02,  9.1603e-03,  0.0000e+00],\n",
       "          [-1.2006e-02,  9.9990e-01, -8.0083e-03,  0.0000e+00],\n",
       "          [-9.2561e-03,  7.8974e-03,  9.9993e-01,  0.0000e+00],\n",
       "          [ 0.0000e+00,  0.0000e+00,  0.0000e+00,  1.0000e+00]],\n",
       " \n",
       "         [[ 9.9984e-01,  1.5823e-02,  8.6621e-03,  0.0000e+00],\n",
       "          [-1.5740e-02,  9.9983e-01, -9.5239e-03,  0.0000e+00],\n",
       "          [-8.8113e-03,  9.3859e-03,  9.9992e-01,  0.0000e+00],\n",
       "          [ 0.0000e+00,  0.0000e+00,  0.0000e+00,  1.0000e+00]],\n",
       " \n",
       "         [[ 9.9981e-01,  1.7941e-02,  7.8303e-03,  0.0000e+00],\n",
       "          [-1.7853e-02,  9.9978e-01, -1.1202e-02,  0.0000e+00],\n",
       "          [-8.0296e-03,  1.1060e-02,  9.9991e-01,  0.0000e+00],\n",
       "          [ 0.0000e+00,  0.0000e+00,  0.0000e+00,  1.0000e+00]],\n",
       " \n",
       "         [[ 9.9977e-01,  2.0247e-02,  6.7153e-03,  0.0000e+00],\n",
       "          [-2.0160e-02,  9.9971e-01, -1.2969e-02,  0.0000e+00],\n",
       "          [-6.9760e-03,  1.2831e-02,  9.9989e-01,  0.0000e+00],\n",
       "          [ 0.0000e+00,  0.0000e+00,  0.0000e+00,  1.0000e+00]],\n",
       " \n",
       "         [[ 9.9974e-01,  2.2181e-02,  5.3811e-03,  0.0000e+00],\n",
       "          [-2.2100e-02,  9.9965e-01, -1.4861e-02,  0.0000e+00],\n",
       "          [-5.7089e-03,  1.4738e-02,  9.9988e-01,  0.0000e+00],\n",
       "          [ 0.0000e+00,  0.0000e+00,  0.0000e+00,  1.0000e+00]],\n",
       " \n",
       "         [[ 9.9974e-01,  2.2523e-02,  3.8545e-03,  0.0000e+00],\n",
       "          [-2.2456e-02,  9.9961e-01, -1.6651e-02,  0.0000e+00],\n",
       "          [-4.2281e-03,  1.6560e-02,  9.9985e-01,  0.0000e+00],\n",
       "          [ 0.0000e+00,  0.0000e+00,  0.0000e+00,  1.0000e+00]],\n",
       " \n",
       "         [[ 9.9980e-01,  1.9944e-02, -2.2443e-04,  0.0000e+00],\n",
       "          [-1.9944e-02,  9.9962e-01, -1.9069e-02,  0.0000e+00],\n",
       "          [-1.5611e-04,  1.9070e-02,  9.9982e-01,  0.0000e+00],\n",
       "          [ 0.0000e+00,  0.0000e+00,  0.0000e+00,  1.0000e+00]],\n",
       " \n",
       "         [[ 9.9983e-01,  1.8161e-02, -2.1840e-03,  0.0000e+00],\n",
       "          [-1.8201e-02,  9.9964e-01, -1.9884e-02,  0.0000e+00],\n",
       "          [ 1.8221e-03,  1.9920e-02,  9.9980e-01,  0.0000e+00],\n",
       "          [ 0.0000e+00,  0.0000e+00,  0.0000e+00,  1.0000e+00]],\n",
       " \n",
       "         [[ 9.9982e-01,  1.8787e-02, -4.0539e-03,  0.0000e+00],\n",
       "          [-1.8860e-02,  9.9964e-01, -1.9031e-02,  0.0000e+00],\n",
       "          [ 3.6948e-03,  1.9103e-02,  9.9981e-01,  0.0000e+00],\n",
       "          [ 0.0000e+00,  0.0000e+00,  0.0000e+00,  1.0000e+00]],\n",
       " \n",
       "         [[ 9.9981e-01,  1.7842e-02, -7.4379e-03,  0.0000e+00],\n",
       "          [-1.7969e-02,  9.9969e-01, -1.7308e-02,  0.0000e+00],\n",
       "          [ 7.1267e-03,  1.7438e-02,  9.9982e-01,  0.0000e+00],\n",
       "          [ 0.0000e+00,  0.0000e+00,  0.0000e+00,  1.0000e+00]],\n",
       " \n",
       "         [[ 9.9983e-01,  1.5902e-02, -9.8152e-03,  0.0000e+00],\n",
       "          [-1.6058e-02,  9.9974e-01, -1.6119e-02,  0.0000e+00],\n",
       "          [ 9.5560e-03,  1.6273e-02,  9.9982e-01,  0.0000e+00],\n",
       "          [ 0.0000e+00,  0.0000e+00,  0.0000e+00,  1.0000e+00]],\n",
       " \n",
       "         [[ 9.9984e-01,  1.3123e-02, -1.2369e-02,  0.0000e+00],\n",
       "          [-1.3308e-02,  9.9980e-01, -1.5023e-02,  0.0000e+00],\n",
       "          [ 1.2169e-02,  1.5185e-02,  9.9981e-01,  0.0000e+00],\n",
       "          [ 0.0000e+00,  0.0000e+00,  0.0000e+00,  1.0000e+00]],\n",
       " \n",
       "         [[ 9.9983e-01,  1.0092e-02, -1.5229e-02,  0.0000e+00],\n",
       "          [-1.0302e-02,  9.9985e-01, -1.3780e-02,  0.0000e+00],\n",
       "          [ 1.5087e-02,  1.3934e-02,  9.9979e-01,  0.0000e+00],\n",
       "          [ 0.0000e+00,  0.0000e+00,  0.0000e+00,  1.0000e+00]],\n",
       " \n",
       "         [[ 9.9977e-01,  2.1768e-03, -2.1498e-02,  0.0000e+00],\n",
       "          [-2.4033e-03,  9.9994e-01, -1.0519e-02,  0.0000e+00],\n",
       "          [ 2.1474e-02,  1.0568e-02,  9.9971e-01,  0.0000e+00],\n",
       "          [ 0.0000e+00,  0.0000e+00,  0.0000e+00,  1.0000e+00]],\n",
       " \n",
       "         [[ 9.9973e-01, -1.2461e-03, -2.3108e-02,  0.0000e+00],\n",
       "          [ 1.0250e-03,  9.9995e-01, -9.5790e-03,  0.0000e+00],\n",
       "          [ 2.3119e-02,  9.5525e-03,  9.9969e-01,  0.0000e+00],\n",
       "          [ 0.0000e+00,  0.0000e+00,  0.0000e+00,  1.0000e+00]],\n",
       " \n",
       "         [[ 9.9968e-01, -4.2685e-03, -2.4747e-02,  0.0000e+00],\n",
       "          [ 4.0580e-03,  9.9996e-01, -8.5495e-03,  0.0000e+00],\n",
       "          [ 2.4783e-02,  8.4461e-03,  9.9966e-01,  0.0000e+00],\n",
       "          [ 0.0000e+00,  0.0000e+00,  0.0000e+00,  1.0000e+00]],\n",
       " \n",
       "         [[ 9.9956e-01, -9.2806e-03, -2.8044e-02,  0.0000e+00],\n",
       "          [ 9.1088e-03,  9.9994e-01, -6.2483e-03,  0.0000e+00],\n",
       "          [ 2.8100e-02,  5.9898e-03,  9.9959e-01,  0.0000e+00],\n",
       "          [ 0.0000e+00,  0.0000e+00,  0.0000e+00,  1.0000e+00]],\n",
       " \n",
       "         [[ 9.9949e-01, -1.2088e-02, -2.9608e-02,  0.0000e+00],\n",
       "          [ 1.1941e-02,  9.9992e-01, -5.1185e-03,  0.0000e+00],\n",
       "          [ 2.9667e-02,  4.7620e-03,  9.9955e-01,  0.0000e+00],\n",
       "          [ 0.0000e+00,  0.0000e+00,  0.0000e+00,  1.0000e+00]],\n",
       " \n",
       "         [[ 9.9941e-01, -1.4583e-02, -3.1110e-02,  0.0000e+00],\n",
       "          [ 1.4465e-02,  9.9989e-01, -3.9821e-03,  0.0000e+00],\n",
       "          [ 3.1164e-02,  3.5294e-03,  9.9951e-01,  0.0000e+00],\n",
       "          [ 0.0000e+00,  0.0000e+00,  0.0000e+00,  1.0000e+00]],\n",
       " \n",
       "         [[ 9.9927e-01, -1.7918e-02, -3.3808e-02,  0.0000e+00],\n",
       "          [ 1.7869e-02,  9.9984e-01, -1.7712e-03,  0.0000e+00],\n",
       "          [ 3.3834e-02,  1.1656e-03,  9.9943e-01,  0.0000e+00],\n",
       "          [ 0.0000e+00,  0.0000e+00,  0.0000e+00,  1.0000e+00]],\n",
       " \n",
       "         [[ 9.9904e-01, -2.2405e-02, -3.7776e-02,  0.0000e+00],\n",
       "          [ 2.2512e-02,  9.9974e-01,  2.4131e-03,  0.0000e+00],\n",
       "          [ 3.7712e-02, -3.2614e-03,  9.9928e-01,  0.0000e+00],\n",
       "          [ 0.0000e+00,  0.0000e+00,  0.0000e+00,  1.0000e+00]],\n",
       " \n",
       "         [[ 9.9898e-01, -2.2912e-02, -3.8883e-02,  0.0000e+00],\n",
       "          [ 2.3094e-02,  9.9972e-01,  4.2376e-03,  0.0000e+00],\n",
       "          [ 3.8775e-02, -5.1315e-03,  9.9923e-01,  0.0000e+00],\n",
       "          [ 0.0000e+00,  0.0000e+00,  0.0000e+00,  1.0000e+00]],\n",
       " \n",
       "         [[ 9.9895e-01, -2.3219e-02, -3.9443e-02,  0.0000e+00],\n",
       "          [ 2.3462e-02,  9.9971e-01,  5.7233e-03,  0.0000e+00],\n",
       "          [ 3.9299e-02, -6.6429e-03,  9.9921e-01,  0.0000e+00],\n",
       "          [ 0.0000e+00,  0.0000e+00,  0.0000e+00,  1.0000e+00]],\n",
       " \n",
       "         [[ 9.9895e-01, -2.3130e-02, -3.9549e-02,  0.0000e+00],\n",
       "          [ 2.3427e-02,  9.9970e-01,  7.0651e-03,  0.0000e+00],\n",
       "          [ 3.9374e-02, -7.9845e-03,  9.9919e-01,  0.0000e+00],\n",
       "          [ 0.0000e+00,  0.0000e+00,  0.0000e+00,  1.0000e+00]],\n",
       " \n",
       "         [[ 9.9899e-01, -2.2141e-02, -3.9087e-02,  0.0000e+00],\n",
       "          [ 2.2505e-02,  9.9971e-01,  8.8981e-03,  0.0000e+00],\n",
       "          [ 3.8878e-02, -9.7689e-03,  9.9920e-01,  0.0000e+00],\n",
       "          [ 0.0000e+00,  0.0000e+00,  0.0000e+00,  1.0000e+00]],\n",
       " \n",
       "         [[ 9.9899e-01, -2.3870e-02, -3.8031e-02,  0.0000e+00],\n",
       "          [ 2.4308e-02,  9.9964e-01,  1.1106e-02,  0.0000e+00],\n",
       "          [ 3.7752e-02, -1.2019e-02,  9.9921e-01,  0.0000e+00],\n",
       "          [ 0.0000e+00,  0.0000e+00,  0.0000e+00,  1.0000e+00]],\n",
       " \n",
       "         [[ 9.9894e-01, -2.7275e-02, -3.7128e-02,  0.0000e+00],\n",
       "          [ 2.7750e-02,  9.9954e-01,  1.2346e-02,  0.0000e+00],\n",
       "          [ 3.6774e-02, -1.3364e-02,  9.9923e-01,  0.0000e+00],\n",
       "          [ 0.0000e+00,  0.0000e+00,  0.0000e+00,  1.0000e+00]],\n",
       " \n",
       "         [[ 9.9874e-01, -3.6760e-02, -3.4301e-02,  0.0000e+00],\n",
       "          [ 3.7270e-02,  9.9920e-01,  1.4347e-02,  0.0000e+00],\n",
       "          [ 3.3746e-02, -1.5607e-02,  9.9931e-01,  0.0000e+00],\n",
       "          [ 0.0000e+00,  0.0000e+00,  0.0000e+00,  1.0000e+00]],\n",
       " \n",
       "         [[ 9.9865e-01, -4.0827e-02, -3.2065e-02,  0.0000e+00],\n",
       "          [ 4.1327e-02,  9.9903e-01,  1.5087e-02,  0.0000e+00],\n",
       "          [ 3.1418e-02, -1.6392e-02,  9.9937e-01,  0.0000e+00],\n",
       "          [ 0.0000e+00,  0.0000e+00,  0.0000e+00,  1.0000e+00]],\n",
       " \n",
       "         [[ 9.9865e-01, -4.2836e-02, -2.9355e-02,  0.0000e+00],\n",
       "          [ 4.3309e-02,  9.9894e-01,  1.5700e-02,  0.0000e+00],\n",
       "          [ 2.8651e-02, -1.6950e-02,  9.9945e-01,  0.0000e+00],\n",
       "          [ 0.0000e+00,  0.0000e+00,  0.0000e+00,  1.0000e+00]],\n",
       " \n",
       "         [[ 9.9874e-01, -4.2750e-02, -2.6177e-02,  0.0000e+00],\n",
       "          [ 4.3186e-02,  9.9893e-01,  1.6323e-02,  0.0000e+00],\n",
       "          [ 2.5451e-02, -1.7433e-02,  9.9952e-01,  0.0000e+00],\n",
       "          [ 0.0000e+00,  0.0000e+00,  0.0000e+00,  1.0000e+00]],\n",
       " \n",
       "         [[ 9.9893e-01, -4.0513e-02, -2.2398e-02,  0.0000e+00],\n",
       "          [ 4.0900e-02,  9.9902e-01,  1.7087e-02,  0.0000e+00],\n",
       "          [ 2.1684e-02, -1.7985e-02,  9.9960e-01,  0.0000e+00],\n",
       "          [ 0.0000e+00,  0.0000e+00,  0.0000e+00,  1.0000e+00]],\n",
       " \n",
       "         [[ 9.9912e-01, -3.7739e-02, -1.8044e-02,  0.0000e+00],\n",
       "          [ 3.8060e-02,  9.9912e-01,  1.7778e-02,  0.0000e+00],\n",
       "          [ 1.7357e-02, -1.8449e-02,  9.9968e-01,  0.0000e+00],\n",
       "          [ 0.0000e+00,  0.0000e+00,  0.0000e+00,  1.0000e+00]],\n",
       " \n",
       "         [[ 9.9931e-01, -3.4580e-02, -1.3216e-02,  0.0000e+00],\n",
       "          [ 3.4819e-02,  9.9923e-01,  1.8365e-02,  0.0000e+00],\n",
       "          [ 1.2571e-02, -1.8812e-02,  9.9974e-01,  0.0000e+00],\n",
       "          [ 0.0000e+00,  0.0000e+00,  0.0000e+00,  1.0000e+00]],\n",
       " \n",
       "         [[ 9.9947e-01, -3.1400e-02, -8.0664e-03,  0.0000e+00],\n",
       "          [ 3.1546e-02,  9.9932e-01,  1.8859e-02,  0.0000e+00],\n",
       "          [ 7.4690e-03, -1.9104e-02,  9.9979e-01,  0.0000e+00],\n",
       "          [ 0.0000e+00,  0.0000e+00,  0.0000e+00,  1.0000e+00]],\n",
       " \n",
       "         [[ 9.9959e-01, -2.8563e-02, -2.7188e-03,  0.0000e+00],\n",
       "          [ 2.8609e-02,  9.9941e-01,  1.9129e-02,  0.0000e+00],\n",
       "          [ 2.1710e-03, -1.9199e-02,  9.9981e-01,  0.0000e+00],\n",
       "          [ 0.0000e+00,  0.0000e+00,  0.0000e+00,  1.0000e+00]],\n",
       " \n",
       "         [[ 9.9962e-01, -2.7451e-02, -2.3318e-05,  0.0000e+00],\n",
       "          [ 2.7447e-02,  9.9944e-01,  1.9231e-02,  0.0000e+00],\n",
       "          [-5.0445e-04, -1.9224e-02,  9.9981e-01,  0.0000e+00],\n",
       "          [ 0.0000e+00,  0.0000e+00,  0.0000e+00,  1.0000e+00]]],\n",
       "        device='cuda:0'),\n",
       " 'keyframe_time_indices': tensor([], device='cuda:0', dtype=torch.float64)}"
      ]
     },
     "execution_count": 4,
     "metadata": {},
     "output_type": "execute_result"
    }
   ],
   "source": [
    "params"
   ]
  },
  {
   "cell_type": "code",
   "execution_count": 5,
   "metadata": {},
   "outputs": [
    {
     "name": "stdout",
     "output_type": "stream",
     "text": [
      "tensor(0.0018, device='cuda:0')\n",
      "tensor([[-6.8816, -5.6433,  8.2618],\n",
      "        [-6.6292, -5.4692,  8.0069],\n",
      "        [-6.5513, -5.4378,  7.9610],\n",
      "        ...,\n",
      "        [ 5.6419,  4.4597,  6.7595],\n",
      "        [ 5.7406,  4.5106,  6.8367],\n",
      "        [ 6.1184,  4.7790,  7.2436]], device='cuda:0')\n",
      "tensor(0.0018, device='cuda:0')\n",
      "tensor([[-6.8710, -5.6351,  8.2693],\n",
      "        [-6.6508, -5.4460,  8.0243],\n",
      "        [-6.5763, -5.4014,  7.9857],\n",
      "        ...,\n",
      "        [ 5.6207,  4.4964,  6.7317],\n",
      "        [ 5.7549,  4.5106,  6.8285],\n",
      "        [ 6.1269,  4.7814,  7.2390]], device='cuda:0')\n",
      "tensor(0.0018, device='cuda:0')\n",
      "tensor([[-6.8697, -5.6424,  8.2660],\n",
      "        [-6.6297, -5.4606,  8.0073],\n",
      "        [-6.5499, -5.4401,  7.9674],\n",
      "        ...,\n",
      "        [ 5.6606,  4.4416,  6.7639],\n",
      "        [ 5.7575,  4.4934,  6.8228],\n",
      "        [ 6.1203,  4.7728,  7.2388]], device='cuda:0')\n",
      "tensor(0.0018, device='cuda:0')\n",
      "tensor([[-6.8771, -5.6386,  8.2607],\n",
      "        [-6.6298, -5.4665,  8.0101],\n",
      "        [-6.5456, -5.4353,  7.9614],\n",
      "        ...,\n",
      "        [ 5.6545,  4.4489,  6.7676],\n",
      "        [ 5.7442,  4.4940,  6.8552],\n",
      "        [ 6.1418,  4.7511,  7.2648]], device='cuda:0')\n",
      "tensor(0.0018, device='cuda:0')\n",
      "tensor([[-6.8915, -5.6488,  8.2586],\n",
      "        [-6.6434, -5.4452,  8.0051],\n",
      "        [-6.5628, -5.4395,  7.9544],\n",
      "        ...,\n",
      "        [ 5.6375,  4.4433,  6.7815],\n",
      "        [ 5.7531,  4.4996,  6.8457],\n",
      "        [ 6.1127,  4.7509,  7.2814]], device='cuda:0')\n",
      "tensor(0.0018, device='cuda:0')\n",
      "tensor([[-6.9020, -5.6500,  8.2502],\n",
      "        [-6.6520, -5.4750,  7.9952],\n",
      "        [-6.5363, -5.4466,  7.9546],\n",
      "        ...,\n",
      "        [ 5.6553,  4.4796,  6.7397],\n",
      "        [ 5.7702,  4.5356,  6.8038],\n",
      "        [ 6.0799,  4.7657,  7.2699]], device='cuda:0')\n",
      "tensor(0.0018, device='cuda:0')\n",
      "tensor([[-6.9076, -5.6530,  8.2451],\n",
      "        [-6.6635, -5.4779,  7.9935],\n",
      "        [-6.5401, -5.4501,  7.9507],\n",
      "        ...,\n",
      "        [ 5.6792,  4.4947,  6.7216],\n",
      "        [ 5.7676,  4.5292,  6.8173],\n",
      "        [ 6.1483,  4.8088,  7.2137]], device='cuda:0')\n",
      "tensor(0.0018, device='cuda:0')\n",
      "tensor([[-6.9105, -5.6575,  8.2405],\n",
      "        [-6.6629, -5.4850,  7.9890],\n",
      "        [-6.5861, -5.4516,  7.9442],\n",
      "        ...,\n",
      "        [ 5.6748,  4.4962,  6.7244],\n",
      "        [ 5.7543,  4.5142,  6.8294],\n",
      "        [ 6.1439,  4.8045,  7.2181]], device='cuda:0')\n",
      "tensor(0.0018, device='cuda:0')\n",
      "tensor([[-6.9056, -5.6600,  8.2430],\n",
      "        [-6.6690, -5.4693,  7.9968],\n",
      "        [-6.5499, -5.4568,  7.9476],\n",
      "        ...,\n",
      "        [ 5.6738,  4.5016,  6.7238],\n",
      "        [ 5.7276,  4.4938,  6.8565],\n",
      "        [ 6.1184,  4.7790,  7.2436]], device='cuda:0')\n",
      "tensor(0.0018, device='cuda:0')\n",
      "tensor([[-6.9177, -5.6556,  8.2380],\n",
      "        [-6.6348, -5.4868,  7.9950],\n",
      "        [-6.5528, -5.4551,  7.9495],\n",
      "        ...,\n",
      "        [ 5.6825,  4.4789,  6.7207],\n",
      "        [ 5.7774,  4.5451,  6.7994],\n",
      "        [ 6.1184,  4.7790,  7.2436]], device='cuda:0')\n",
      "tensor(0.0018, device='cuda:0')\n",
      "tensor([[-6.9224, -5.6538,  8.2344],\n",
      "        [-6.6401, -5.4889,  7.9955],\n",
      "        [-6.5580, -5.4503,  7.9478],\n",
      "        ...,\n",
      "        [ 5.6455,  4.4500,  6.7644],\n",
      "        [ 5.7704,  4.5404,  6.8069],\n",
      "        [ 6.1184,  4.7790,  7.2436]], device='cuda:0')\n",
      "tensor(0.0018, device='cuda:0')\n",
      "tensor([[-6.9215, -5.6622,  8.2350],\n",
      "        [-6.6489, -5.4870,  7.9877],\n",
      "        [-6.5260, -5.4578,  7.9453],\n",
      "        ...,\n",
      "        [ 5.6599,  4.4805,  6.7390],\n",
      "        [ 5.7704,  4.5404,  6.8069],\n",
      "        [ 6.1184,  4.7790,  7.2436]], device='cuda:0')\n",
      "tensor(0.0018, device='cuda:0')\n",
      "tensor([[-6.9251, -5.6632,  8.2347],\n",
      "        [-6.6403, -5.4897,  7.9876],\n",
      "        [-6.5588, -5.4589,  7.9381],\n",
      "        ...,\n",
      "        [ 5.6957,  4.4786,  6.7195],\n",
      "        [ 5.7406,  4.5106,  6.8367],\n",
      "        [ 6.1184,  4.7790,  7.2436]], device='cuda:0')\n",
      "tensor(0.0018, device='cuda:0')\n",
      "tensor([[-6.9168, -5.6667,  8.2337],\n",
      "        [-6.6711, -5.4914,  7.9829],\n",
      "        [-6.5883, -5.4605,  7.9351],\n",
      "        ...,\n",
      "        [ 5.6545,  4.4501,  6.7532],\n",
      "        [ 5.7406,  4.5106,  6.8367],\n",
      "        [ 6.1184,  4.7790,  7.2436]], device='cuda:0')\n",
      "tensor(0.0018, device='cuda:0')\n",
      "tensor([[-6.9113, -5.6652,  8.2378],\n",
      "        [-6.6639, -5.4878,  7.9867],\n",
      "        [-6.5465, -5.4633,  7.9402],\n",
      "        ...,\n",
      "        [ 5.6829,  4.4740,  6.7301],\n",
      "        [ 5.7406,  4.5106,  6.8367],\n",
      "        [ 6.1184,  4.7790,  7.2436]], device='cuda:0')\n",
      "tensor(0.0018, device='cuda:0')\n",
      "tensor([[-6.9061, -5.6629,  8.2418],\n",
      "        [-6.6160, -5.4903,  7.9954],\n",
      "        [-6.5455, -5.4500,  7.9555],\n",
      "        ...,\n",
      "        [ 5.6717,  4.4895,  6.7297],\n",
      "        [ 5.7406,  4.5106,  6.8367],\n",
      "        [ 6.1184,  4.7790,  7.2436]], device='cuda:0')\n",
      "tensor(0.0018, device='cuda:0')\n",
      "tensor([[-6.8945, -5.6429,  8.2576],\n",
      "        [-6.6594, -5.4742,  7.9921],\n",
      "        [-6.5705, -5.4463,  7.9487],\n",
      "        ...,\n",
      "        [ 5.6621,  4.4799,  6.7408],\n",
      "        [ 5.7670,  4.5371,  6.8102],\n",
      "        [ 6.1184,  4.7790,  7.2436]], device='cuda:0')\n",
      "tensor(0.0018, device='cuda:0')\n",
      "tensor([[-6.8797, -5.6490,  8.2602],\n",
      "        [-6.6323, -5.4696,  8.0062],\n",
      "        [-6.5527, -5.4438,  7.9599],\n",
      "        ...,\n",
      "        [ 5.6718,  4.4893,  6.7297],\n",
      "        [ 5.7691,  4.5296,  6.8138],\n",
      "        [ 6.1184,  4.7790,  7.2436]], device='cuda:0')\n",
      "tensor(0.0018, device='cuda:0')\n",
      "tensor([[-6.8512, -5.6572,  8.2718],\n",
      "        [-6.6368, -5.4439,  8.0131],\n",
      "        [-6.5377, -5.4181,  7.9845],\n",
      "        ...,\n",
      "        [ 5.6805,  4.4969,  6.7210],\n",
      "        [ 5.7725,  4.5374,  6.8094],\n",
      "        [ 6.1483,  4.8088,  7.2137]], device='cuda:0')\n",
      "tensor(0.0018, device='cuda:0')\n",
      "tensor([[-6.8383, -5.6368,  8.2913],\n",
      "        [-6.6468, -5.4395,  8.0150],\n",
      "        [-6.5470, -5.4202,  7.9795],\n",
      "        ...,\n",
      "        [ 5.6670,  4.4918,  6.7277],\n",
      "        [ 5.7554,  4.5306,  6.8172],\n",
      "        [ 6.1385,  4.7997,  7.2232]], device='cuda:0')\n",
      "tensor(0.0018, device='cuda:0')\n",
      "tensor([[-6.8671, -5.6294,  8.2798],\n",
      "        [-6.6180, -5.4508,  8.0244],\n",
      "        [-6.5445, -5.4058,  7.9864],\n",
      "        ...,\n",
      "        [ 5.6704,  4.5070,  6.7119],\n",
      "        [ 5.7877,  4.5562,  6.7908],\n",
      "        [ 6.1483,  4.8088,  7.2137]], device='cuda:0')\n",
      "tensor(0.0018, device='cuda:0')\n",
      "tensor([[-6.8766, -5.6397,  8.2677],\n",
      "        [-6.6604, -5.5021,  7.9735],\n",
      "        [-6.5454, -5.4618,  7.9398],\n",
      "        ...,\n",
      "        [ 5.6627,  4.4667,  6.7488],\n",
      "        [ 5.7508,  4.5252,  6.8230],\n",
      "        [ 6.1295,  4.7893,  7.2329]], device='cuda:0')\n",
      "tensor(0.0018, device='cuda:0')\n",
      "tensor([[-6.9045, -5.5817,  8.2926],\n",
      "        [-6.6871, -5.4600,  7.9955],\n",
      "        [-6.6171, -5.4589,  7.9383],\n",
      "        ...,\n",
      "        [ 5.6674,  4.4966,  6.7240],\n",
      "        [ 5.7612,  4.5310,  6.8162],\n",
      "        [ 6.1358,  4.7959,  7.2265]], device='cuda:0')\n",
      "tensor(0.0018, device='cuda:0')\n",
      "tensor([[-6.8303, -5.6629,  8.2449],\n",
      "        [-6.6490, -5.4754,  7.9931],\n",
      "        [-6.5462, -5.4335,  7.9670],\n",
      "        ...,\n",
      "        [ 5.6730,  4.4938,  6.7231],\n",
      "        [ 5.7474,  4.5269,  6.8227],\n",
      "        [ 6.1483,  4.8088,  7.2137]], device='cuda:0')\n",
      "tensor(0.0018, device='cuda:0')\n",
      "tensor([[-6.8816, -5.6433,  8.2618],\n",
      "        [-6.6292, -5.4692,  8.0069],\n",
      "        [-6.5513, -5.4378,  7.9610],\n",
      "        ...,\n",
      "        [ 5.6160,  4.4665,  6.7550],\n",
      "        [ 5.7505,  4.5308,  6.8193],\n",
